-0.335 0.879 -0.406 -19.09 59.09 1.0245496571665036 110.8625893294873 -1 126 126 126
-0.335 0.877 -0.402 -19.15 59.18 1.0212531517699224 110.90605871817854 -1 126 126 126
-0.334 0.875 -0.401 -19.14 59.19 1.0188140163935713 110.89256992226366 -1 126 126 126
-0.334 0.874 -0.4 -19.16 59.2 1.017561791735519 110.91440794394866 -1 126 126 126
-0.332 0.874 -0.401 -19.05 59.22 1.017300840459694 110.79991661910564 -1 126 126 126
-0.326 0.873 -0.403 -18.73 59.3 1.0152901063242958 110.47688757406063 -1 126 126 126
-0.313 0.867 -0.4 -18.15 59.64 1.0048173963462217 109.85034241733203 -1 126 127 126
-0.314 0.861 -0.398 -18.32 59.51 0.9991601473237411 110.03651918426179 -1 126 127 126
-0.314 0.861 -0.398 -18.32 59.51 0.9991601473237411 110.03651918426179 -1 126 127 126
-0.325 0.86 -0.391 -18.98 59.41 0.9990525511703576 110.70192849316662 -1 126 127 126
-0.33 0.864 -0.389 -19.2 59.44 1.0033528791008675 110.90407908333266 -1 126 127 127
-0.346 0.866 -0.391 -20.01 58.91 1.0112136272815948 111.77859157457004 -1 126 126 127
-0.346 0.866 -0.391 -20.01 58.91 1.0112136272815948 111.77859157457004 -1 126 126 127
-0.364 0.877 -0.394 -20.74 58.55 1.0280374506796919 112.54095797818238 -1 126 126 127
-0.375 0.882 -0.396 -21.2 58.27 1.036998071357898 113.03374491153372 -1 126 126 127
-0.382 0.888 -0.395 -21.46 58.25 1.0442667283792968 113.27641684382375 -1 126 127 127
-0.383 0.895 -0.396 -21.37 58.39 1.050966222102309 113.16767830757654 -1 126 127 127
-0.383 0.889 -0.398 -21.47 58.15 1.046620274980377 113.30739951376748 -1 126 127 127
-0.372 0.885 -0.394 -21.01 58.52 1.037711424240863 112.79891367617942 -1 126 126 127
-0.363 0.879 -0.392 -20.66 58.71 1.0286272405492674 112.4391217636314 -1 126 126 127
-0.36 0.873 -0.39 -20.63 58.7 1.0216794996475167 112.40983737149327 -1 126 126 127
-0.359 0.876 -0.391 -20.52 58.79 1.0242743773032694 112.28466960707203 -1 126 126 126
-0.355 0.875 -0.395 -20.29 58.74 1.023559964047051 112.08309738155327 -1 126 126 126
-0.352 0.875 -0.391 -20.17 58.98 1.0209848186922272 111.9142185146584 -1 126 126 126
-0.352 0.874 -0.392 -20.18 58.92 1.0205116363863767 111.93691363934565 -1 126 126 126
-0.353 0.879 -0.397 -20.1 58.85 1.0270632891891327 111.88003528616224 -1 126 126 126
-0.365 0.884 -0.394 -20.66 58.72 1.0343679229365148 112.43553105652195 -1 126 126 126
-0.386 0.894 -0.394 -21.56 58.33 1.0504608512457758 113.35310950126254 -1 126 126 126
-0.432 0.906 -0.388 -23.67 57.34 1.07610594273984 115.4927954728031 -3 126 126 126
-0.507 0.911 -0.391 -27.09 54.9 1.1134859675810918 119.09730636768492 -3 126 125 125
-0.676 0.9 -0.457 -33.81 47.8 1.214835379794316 126.91061958604702 -3 127 123 124
-0.786 0.859 -0.494 -38.42 42.78 1.264797612268461 132.4590580313332 -3 127 121 123
-0.86 0.795 -0.574 -41.25 37.56 1.304262626927568 137.2491314450248 -3 128 120 123
-0.896 0.725 -0.652 -42.58 33.2 1.3242148617199552 141.02188513445853 -3 128 119 123
-0.955 0.642 -0.674 -45.73 28.78 1.3335910167663847 146.08898093681324 2 129 119 124
-1.021 0.588 -0.615 -50.19 26.26 1.3290635801194763 150.06210280573362 2 130 119 127
-1.026 0.549 -0.537 -53.19 25.36 1.2815794942179748 151.8493114118251 -3 131 118 130
-0.838 0.576 -0.446 -49 31.25 1.1103765127198972 145.49728087976646 -3 135 117 138
-0.665 0.595 -0.343 -44.08 38.49 0.9559806483397036 138.17983011986425 -3 134 115 140
-0.361 0.512 -0.405 -28.94 43.34 0.7459825735230013 125.18682659675645 -1 132 114 142
-0.059 0.479 -0.531 -4.72 41.88 0.7175534823272757 97.02194001276553 -1 130 115 142
0.088 0.461 -0.574 6.82 38.44 0.7414452103830734 79.1928592035119 1 126 116 142
0.467 0.405 -0.545 34.52 29.44 0.8240989018315702 40.93306155009305 2 124 119 142
0.528 0.522 -0.462 37.14 36.65 0.8744781300867391 44.67259910915561 -3 124 121 142
0.527 0.629 -0.32 36.75 45.57 0.8807780651219693 50.042451069170916 -3 124 121 142
0.571 0.724 -0.228 36.95 49.66 0.949842618542672 51.73807270774451 -3 122 122 142
-0.335 0.879 -0.406 -19.09 59.09 1.0245496571665036 110.8625893294873 -1 126 126 126
-0.335 0.877 -0.402 -19.15 59.18 1.0212531517699224 110.90605871817854 -1 126 126 126
-0.334 0.875 -0.401 -19.14 59.19 1.0188140163935713 110.89256992226366 -1 126 126 126
-0.334 0.874 -0.4 -19.16 59.2 1.017561791735519 110.91440794394866 -1 126 126 126
-0.332 0.874 -0.401 -19.05 59.22 1.017300840459694 110.79991661910564 -1 126 126 126
-0.326 0.873 -0.403 -18.73 59.3 1.0152901063242958 110.47688757406063 -1 126 126 126
-0.313 0.867 -0.4 -18.15 59.64 1.0048173963462217 109.85034241733203 -1 126 127 126
-0.314 0.861 -0.398 -18.32 59.51 0.9991601473237411 110.03651918426179 -1 126 127 126
-0.314 0.861 -0.398 -18.32 59.51 0.9991601473237411 110.03651918426179 -1 126 127 126
-0.325 0.86 -0.391 -18.98 59.41 0.9990525511703576 110.70192849316662 -1 126 127 126
-0.33 0.864 -0.389 -19.2 59.44 1.0033528791008675 110.90407908333266 -1 126 127 127
-0.346 0.866 -0.391 -20.01 58.91 1.0112136272815948 111.77859157457004 -1 126 126 127
-0.346 0.866 -0.391 -20.01 58.91 1.0112136272815948 111.77859157457004 -1 126 126 127
-0.364 0.877 -0.394 -20.74 58.55 1.0280374506796919 112.54095797818238 -1 126 126 127
-0.375 0.882 -0.396 -21.2 58.27 1.036998071357898 113.03374491153372 -1 126 126 127
-0.382 0.888 -0.395 -21.46 58.25 1.0442667283792968 113.27641684382375 -1 126 127 127
-0.383 0.895 -0.396 -21.37 58.39 1.050966222102309 113.16767830757654 -1 126 127 127
-0.383 0.889 -0.398 -21.47 58.15 1.046620274980377 113.30739951376748 -1 126 127 127
-0.372 0.885 -0.394 -21.01 58.52 1.037711424240863 112.79891367617942 -1 126 126 127
-0.363 0.879 -0.392 -20.66 58.71 1.0286272405492674 112.4391217636314 -1 126 126 127
-0.36 0.873 -0.39 -20.63 58.7 1.0216794996475167 112.40983737149327 -1 126 126 127
-0.359 0.876 -0.391 -20.52 58.79 1.0242743773032694 112.28466960707203 -1 126 126 126
-0.355 0.875 -0.395 -20.29 58.74 1.023559964047051 112.08309738155327 -1 126 126 126
-0.352 0.875 -0.391 -20.17 58.98 1.0209848186922272 111.9142185146584 -1 126 126 126
-0.352 0.874 -0.392 -20.18 58.92 1.0205116363863767 111.93691363934565 -1 126 126 126
-0.353 0.879 -0.397 -20.1 58.85 1.0270632891891327 111.88003528616224 -1 126 126 126
-0.365 0.884 -0.394 -20.66 58.72 1.0343679229365148 112.43553105652195 -1 126 126 126
-0.386 0.894 -0.394 -21.56 58.33 1.0504608512457758 113.35310950126254 -1 126 126 126
-0.432 0.906 -0.388 -23.67 57.34 1.07610594273984 115.4927954728031 -3 126 126 126
-0.507 0.911 -0.391 -27.09 54.9 1.1134859675810918 119.09730636768492 -3 126 125 125
-0.676 0.9 -0.457 -33.81 47.8 1.214835379794316 126.91061958604702 -3 127 123 124
-0.786 0.859 -0.494 -38.42 42.78 1.264797612268461 132.4590580313332 -3 127 121 123
-0.86 0.795 -0.574 -41.25 37.56 1.304262626927568 137.2491314450248 -3 128 120 123
-0.896 0.725 -0.652 -42.58 33.2 1.3242148617199552 141.02188513445853 -3 128 119 123
-0.955 0.642 -0.674 -45.73 28.78 1.3335910167663847 146.08898093681324 2 129 119 124
-1.021 0.588 -0.615 -50.19 26.26 1.3290635801194763 150.06210280573362 2 130 119 127
-1.026 0.549 -0.537 -53.19 25.36 1.2815794942179748 151.8493114118251 -3 131 118 130
-0.838 0.576 -0.446 -49 31.25 1.1103765127198972 145.49728087976646 -3 135 117 138
-0.665 0.595 -0.343 -44.08 38.49 0.9559806483397036 138.17983011986425 -3 134 115 140
-0.361 0.512 -0.405 -28.94 43.34 0.7459825735230013 125.18682659675645 -1 132 114 142
-0.059 0.479 -0.531 -4.72 41.88 0.7175534823272757 97.02194001276553 -1 130 115 142
0.088 0.461 -0.574 6.82 38.44 0.7414452103830734 79.1928592035119 1 126 116 142
0.467 0.405 -0.545 34.52 29.44 0.8240989018315702 40.93306155009305 2 124 119 142
0.528 0.522 -0.462 37.14 36.65 0.8744781300867391 44.67259910915561 -3 124 121 142
0.527 0.629 -0.32 36.75 45.57 0.8807780651219693 50.042451069170916 -3 124 121 142
0.571 0.724 -0.228 36.95 49.66 0.949842618542672 51.73807270774451 -3 122 122 142
0.616 0.764 -0.237 37.6 49.18 1.0096142827832817 51.12136742661834 -3 121 122 142
0.75 0.777 -0.327 41.66 43.52 1.1283430329469848 46.01298288061085 -3 121 122 142
0.845 0.787 -0.447 43.03 39.46 1.2382257467844868 42.964609569237396 -3 121 122 140
1.12 0.771 -0.598 48.94 31.27 1.4854107176131457 34.54324638299344 -3 124 122 136
1.209 0.781 -0.578 51.21 30.23 1.55104029605939 32.861991931021734 -3 126 122 134
1.223 0.775 -0.529 52.5 30.18 1.5414911611812767 32.36193042189262 -3 127 122 131
1.259 0.74 -0.449 55.49 28.97 1.5278357241536147 30.445652624486794 -3 127 123 128
1.246 0.713 -0.402 56.7 28.57 1.4908014623014025 29.779534001943897 -3 127 124 126
1.216 0.702 -0.398 56.43 28.75 1.4594053583566151 29.99795288224509 -3 128 125 123
1.165 0.659 -0.412 56.29 28.07 1.400446357416092 29.49533217183816 -3 129 126 120
1.133 0.64 -0.443 55.51 27.75 1.374604670441651 29.46088967214717 -3 129 128 117
0.912 0.674 -0.499 47.4 32.96 1.23895964421768 36.46570132108471 -3 132 130 113
0.819 0.726 -0.495 42.99 37.19 1.2011919080646523 41.5552842800449 -3 133 133 111
0.634 0.749 -0.547 34.36 41.81 1.1234616148315881 49.75335581096478 -3 132 136 111
0.481 0.841 -0.496 26.23 50.6 1.0884199557156236 60.233112899692344 1 131 139 111
0.246 0.441 -0.488 20.51 38.9 0.7022399874686716 60.84621115375584 1 122 142 111
0.246 0.441 -0.488 20.51 38.9 0.7022399874686716 60.84621115375584 1 122 142 111
0.137 0.23 -0.545 13.04 22.26 0.6072017786535214 59.21976551651284 1 117 140 111
-0.027 0.084 -0.593 -2.58 8.05 0.5995281477962482 107.81888891452279 -1 117 140 112
-0.276 0.016 -0.588 -25.14 1.41 0.6497507214309193 176.68221883166518 2 119 138 114
-0.437 0.341 -0.581 -32.97 25.13 0.8030012453290467 142.03435854558248 2 121 136 115
-0.685 0.375 -0.52 -46.9 23.56 0.938216392949942 151.3017083443074 2 123 134 117
