-0.098 0.964 -0.293 -5.56 72.23 1.0122988689117458 95.80473276034539 -1 127 126 126
-0.106 0.958 -0.297 -6.03 71.78 1.0085677964321484 96.31393337033626 -1 127 126 126
-0.085 0.967 -0.293 -4.81 72.49 1.0139837276800845 95.02342914083698 -1 128 127 126
-0.112 0.962 -0.295 -6.35 71.84 1.0124292567878508 96.64071417328215 -1 127 126 126
-0.109 0.961 -0.3 -6.18 71.63 1.01262135075259 96.47103367309694 -1 127 126 127
-0.108 0.965 -0.3 -6.1 71.72 1.0163114680057488 96.38580420717055 -1 127 126 127
-0.109 0.963 -0.302 -6.16 71.56 1.0151128016136926 96.45770799306672 -1 127 126 127
-0.111 0.954 -0.307 -6.32 71.11 1.0083084845423052 96.63664880803938 -1 127 126 127
-0.114 0.956 -0.303 -6.49 71.29 1.0093270035028292 96.80023055966075 -1 127 126 127
-0.118 0.963 -0.302 -6.67 71.39 1.0161185954405125 96.9858425225521 -1 127 126 127
-0.111 0.977 -0.31 -6.18 71.37 1.0309946653596225 96.48175784925986 -1 127 125 127
-0.12 0.971 -0.305 -6.72 71.35 1.0248248630863714 97.04511609965054 -1 127 125 127
-0.109 0.989 -0.319 -5.99 71.18 1.04487463362836 96.28931870310741 -1 126 125 127
-0.11 0.985 -0.311 -6.08 71.48 1.0387713896714716 96.37211139693252 -1 126 125 127
-0.104 0.989 -0.326 -5.7 70.91 1.046524247210737 96.00297450538638 -1 126 125 127
-0.107 0.987 -0.323 -5.88 70.98 1.0440052681859417 96.18723340980543 -1 126 125 127
-0.097 0.98 -0.319 -5.38 71.21 1.0351666532496109 95.65270108938921 -1 126 125 127
-0.096 0.972 -0.314 -5.37 71.33 1.0259610129044865 95.64054943215683 -1 126 125 127
-0.085 0.957 -0.314 -4.82 71.23 1.0107769289017237 95.07564777849711 -1 126 126 127
-0.094 0.965 -0.313 -5.29 71.29 1.0188375729231818 95.56359074168464 -1 126 125 127
-0.089 0.958 -0.317 -5.04 71.03 1.013002467914072 95.30765087099934 -1 126 126 127
-0.09 0.958 -0.309 -5.11 71.43 1.010616148693459 95.36694108349302 -1 126 125 126
-0.091 0.954 -0.313 -5.18 71.14 1.0081497904577474 95.44883457044347 -1 126 126 127
-0.089 0.962 -0.312 -5.03 71.36 1.0152383956490219 95.2857068973987 -1 126 125 126
-0.084 0.966 -0.309 -4.73 71.66 1.0176900313946284 94.96974072811031 -1 126 125 126
-0.118 0.979 -0.309 -6.56 71.33 1.0333663435587594 96.87277240838618 -1 126 125 126
-0.11 0.973 -0.318 -6.13 70.92 1.0295401886279136 96.45004029201358 -1 126 125 126
-0.103 0.967 -0.313 -5.79 71.18 1.0216002153484502 96.07993562300977 -1 126 125 126
-0.145 0.982 -0.299 -8.04 71.3 1.036701499950685 98.39947787670653 -1 126 125 126
-0.163 0.998 -0.29 -8.91 71.56 1.0519852660565165 99.27602541856459 -1 125 125 126
-0.134 1.017 -0.312 -7.18 71.54 1.0721888826135066 97.50605884159053 -1 125 125 126
-0.104 1.143 -0.465 -4.82 67.37 1.238341632991478 95.19894857164537 -1 123 124 127
-0.134 1.017 -0.312 -7.18 71.54 1.0721888826135066 97.50605884159053 -1 125 125 126
-0.103 1.09 -0.434 -5.02 67.74 1.177737237247766 95.3981590107501 -1 124 124 126
-0.123 1.174 -0.54 -5.44 64.74 1.2980774245013276 95.98105927761415 -1 123 123 127
-0.16 1.167 -0.672 -6.78 59.38 1.3561242568437453 97.80678946490546 -1 122 121 126
-0.051 1.024 -0.696 -2.36 55.73 1.2391904615514113 92.85124244226525 -1 121 120 124
-0.185 1.199 -0.592 -7.88 62.65 1.349922219981581 98.77129671332067 -1 123 122 127
0.015 0.898 -0.549 0.82 58.55 1.0526300394725585 89.04303254594276 1 120 119 123
0.012 0.956 -0.652 0.59 55.7 1.157231178287208 89.28084388345493 1 121 119 124
-0.055 0.865 -0.387 -3.32 65.68 0.9492202062746031 93.63818657786469 -1 121 118 122
-0.138 0.84 -0.17 -9.15 75.39 0.868069121671771 99.32953964269811 -1 121 119 120
-0.153 0.731 0.009 -11.82 78.16 0.746894236153955 101.82148834060726 3 121 119 119
-0.192 0.509 0.635 -13.27 37.5 0.8361638595395043 110.66698785537481 -1 121 120 119
-0.339 0.324 1.18 -15.48 14.78 1.2697625762322655 136.29606349801713 2 119 119 119
-0.23 0.391 0.919 -12.97 22.43 1.0248619419219351 120.46554491945989 -1 119 119 118
-0.114 1.085 -0.723 -5 56 1.3087971576986253 95.99801026996208 -1 122 120 125
-0.459 0.341 1.377 -17.93 13.22 1.4910033534502865 143.39062701325258 2 120 121 120
-0.427 0.537 1.181 -18.22 23.15 1.3658180698760725 128.49025602112087 -1 130 131 129
-0.21 0.72 0.782 -11.18 41.64 1.0835238806782248 106.26020470831197 -1 135 136 134
-0.289 0.635 0.964 -14.06 32.25 1.1899756300025643 114.47114138787235 -1 133 134 132
-0.178 0.785 0.622 -10.08 50.51 1.017247757431787 102.77587058217003 -1 136 137 135
-0.189 0.807 0.465 -11.47 58.12 0.9503657190787135 103.18114607165977 -1 136 137 134
-0.498 0.428 1.298 -20.02 17.11 1.4546449738681944 139.3229924429862 2 125 127 125
-0.188 0.778 -0.136 -13.39 73.39 0.8118645207175887 103.58483151514906 -3 134 134 131
-0.142 0.792 -0.473 -8.75 58.05 0.9333579163429214 100.16472812323204 -1 131 131 129
-0.073 0.806 -0.535 -4.32 56.18 0.9701494730194931 95.17519998592186 -1 129 130 129
-0.169 0.773 -0.305 -11.5 65.72 0.8480064858242536 102.33245556654057 -1 133 133 130
-0.237 0.823 0.21 -15.59 68.96 0.8818151733781858 106.0648576578326 3 136 137 133
-0.047 0.936 -0.704 -2.3 52.99 1.1721437625137967 92.87461725331812 -1 128 129 128
-0.043 1.012 -0.738 -1.97 53.85 1.2532505735087456 92.43304095744367 -1 128 128 128
-0.104 1.096 -0.652 -4.66 58.93 1.2795061547331454 95.42059528376238 -1 129 127 127
-0.062 0.864 -0.63 -3.32 53.77 1.0710928997990792 94.10446717558135 -1 129 129 129
-0.104 1.096 -0.652 -4.66 58.93 1.2795061547331454 95.42059528376238 -1 129 127 127
-0.216 0.986 -0.428 -11.36 64.07 1.0963740237710853 102.35641602795302 -1 129 127 126
-0.057 1.064 -0.733 -2.53 55.36 1.2933035219931939 93.0664855011259 -1 129 128 127
-0.171 1.023 -0.509 -8.51 62.31 1.1553575204238729 99.48956698938306 -1 129 127 126
-0.261 0.936 -0.363 -14.57 64.47 1.0372974501077308 105.58092384825163 -1 128 127 126
-0.34 0.889 -0.271 -20.09 63.94 0.9896272025363895 110.92946299118653 -3 127 128 126
-0.361 0.887 -0.312 -21 61.72 1.0071911437259562 112.1458244119596 -3 127 127 127
-0.353 0.915 -0.34 -19.88 61.82 1.0379951830331393 111.096232887232 -3 127 127 127
-0.31 0.908 -0.309 -17.91 64.26 1.007990575352766 108.850402039079 -3 128 127 126
-0.316 0.926 -0.379 -17.53 61.95 1.0492726051889472 108.8423456898576 -1 127 127 127
-0.249 0.956 -0.419 -13.42 62.99 1.0730787482752606 104.59891410487525 -1 127 127 127
-0.289 0.948 -0.393 -15.73 62.77 1.066149145288782 106.95396429719646 -1 127 127 127
-0.218 0.956 -0.427 -11.76 63.37 1.0694807151136478 102.84570591305638 -1 127 127 127
-0.166 0.905 -0.439 -9.37 62.59 1.0194616226224507 100.39396202558272 -1 127 127 127
-0.195 0.94 -0.435 -10.66 63.11 1.0539686902370486 101.71959909499418 -1 127 127 127
-0.166 0.913 -0.447 -9.27 62.42 1.030016504722133 100.30484646876603 -1 127 127 127
-0.164 0.898 -0.436 -9.33 62.58 1.0116303672784839 100.34975790735388 -1 127 127 127
-0.188 0.909 -0.42 -10.63 63.15 1.0188351191434266 101.6852005422105 -1 127 127 127
-0.167 0.899 -0.432 -9.51 62.74 1.0112932314615777 100.52342463181753 -1 127 126 127
-0.203 0.912 -0.422 -11.42 62.82 1.0252009559105961 102.54876212424205 -1 127 127 127
-0.204 0.913 -0.427 -11.44 62.6 1.028354997070564 102.59523756867583 -1 127 126 127
-0.207 0.914 -0.43 -11.58 62.43 1.0310892298923502 102.76090739824738 -1 127 126 127
-0.21 0.911 -0.433 -11.76 62.15 1.030296073951561 102.98083603867153 -1 127 126 127
-0.209 0.914 -0.431 -11.69 62.34 1.031909879786021 102.88010783191015 -1 127 126 127
-0.198 0.914 -0.436 -11.06 62.35 1.031841073034021 102.22312679391287 -1 127 126 127
-0.193 0.922 -0.443 -10.68 62.34 1.040952448481678 101.82287286515844 -1 126 126 127
-0.185 0.934 -0.452 -10.11 62.39 1.053985294015054 101.20372002810025 -1 126 126 128
-0.181 0.936 -0.461 -9.84 62.12 1.0589513680995932 100.94454570449292 -1 126 126 128
-0.174 0.941 -0.457 -9.44 62.54 1.060474422133792 100.47621383742182 -1 126 126 128
-0.169 0.939 -0.444 -9.24 63.16 1.0523392988955607 100.20279165865264 -1 125 127 128
-0.15 0.935 -0.429 -8.3 64.08 1.0395989611383805 99.11417505479122 -1 125 127 128
-0.136 0.936 -0.419 -7.55 64.8 1.0344819959767304 98.26717333551065 -1 125 127 128
-0.123 0.939 -0.416 -6.83 65.2 1.034362605665924 97.46270858511038 -1 125 127 128
-0.097 0.938 -0.415 -5.4 65.57 1.0302805443179055 95.90405710040392 -1 125 127 128
-0.094 0.934 -0.423 -5.24 65.11 1.0296217752165113 95.74703310259686 -1 125 127 128
-0.054 0.912 -0.426 -3.07 64.79 1.0080357136530431 93.38855699072352 -1 126 127 128
-0.081 0.928 -0.426 -4.54 64.95 1.0243148929894557 94.9883899628554 -1 126 128 128
-0.044 0.907 -0.425 -2.52 64.78 1.002601615797621 92.77733126493837 -1 126 127 127
-0.064 0.92 -0.427 -3.61 64.86 1.0162799811075685 93.97938245267821 -1 126 128 128
-0.035 0.907 -0.427 -2 64.72 1.003096705208426 92.20987628081627 -1 126 127 127
-0.037 0.915 -0.434 -2.09 64.54 1.013385415328245 92.31561692805883 -1 126 127 127
-0.028 0.915 -0.437 -1.58 64.43 1.0143855282879384 91.75276649543586 -1 127 127 127
-0.022 0.924 -0.425 -1.24 65.27 1.0172929764821932 91.36392753160293 -1 127 127 127
-0.03 0.947 -0.416 -1.66 66.23 1.0347777539162697 91.81446540115401 -1 127 127 127
-0.018 0.926 -0.416 -1.02 65.79 1.0153107898569778 91.11360060943308 -1 127 127 127
-0.03 0.957 -0.424 -1.64 66.05 1.0471508964805405 91.79551794621145 -1 127 128 127
-0.024 0.918 -0.431 -1.36 64.82 1.014426438929901 91.49758773901752 -1 127 127 127
-0.01 0.955 -0.438 -0.55 65.36 1.0506992909486519 90.59993388025396 -1 127 128 127
-0.026 0.96 -0.437 -1.41 65.49 1.05510426025109 91.55138145295606 -1 127 128 127
-0.022 0.958 -0.436 -1.2 65.5 1.0527791791254233 91.31553824151693 -1 127 128 127
0.001 0.95 -0.437 0.05 65.3 1.0456911589948534 89.93968867541977 1 127 128 127
0.022 0.952 -0.459 1.19 64.23 1.0571040629947461 88.6761734923538 1 127 128 128
0.005 0.946 -0.441 0.27 65 1.0437538023882835 89.69717100427223 1 127 128 127
0.033 0.951 -0.468 1.78 63.74 1.0604310444342904 88.01261579819858 1 127 128 128
-0.045 0.966 -0.616 -2.25 57.41 1.1465762076722157 92.66712989401569 -1 127 128 130
0.01 0.958 -0.525 0.52 61.27 1.09246922153441 89.40194469042417 1 127 128 129
0.03 0.953 -0.49 1.6 62.75 1.0720116603843448 88.19695074110983 1 127 128 129
-0.102 0.983 -0.664 -4.91 55.65 1.190625465879174 95.92403796584586 -1 127 128 129
-0.07 1.026 -0.713 -3.21 55.07 1.2513772412825799 93.903020345525 -1 125 129 128
-0.125 1.018 -0.726 -5.71 54.11 1.2565926149711368 97.0002948103517 -1 125 128 129
-0.136 1.009 -0.692 -6.34 55.05 1.2310324934785433 97.67645723842854 -1 126 128 129
0.3 0.822 -0.769 14.92 44.88 1.164922744219547 69.94976312860334 1 120 127 129
0.207 0.907 -0.7 10.24 51.17 1.1642585623477286 77.14386774226047 1 122 128 128
0.385 0.8 -0.712 19.77 44.66 1.1380549195886813 64.30081407839538 1 117 126 130
0.369 0.8 -0.726 18.86 44.49 1.141594060951615 65.23848614238565 1 119 126 129
0.294 0.859 -0.753 14.43 46.74 1.179544827465239 71.10605614455767 1 116 124 129
0.313 0.952 -0.678 14.99 51.89 1.2099409076479726 71.80009092322318 1 116 125 128
0.354 0.977 -0.538 17.61 56.61 1.17016622750787 70.08284271422089 1 117 126 127
0.412 0.813 -0.347 24.99 56.47 0.9752548384909454 63.12570080796914 -3 119 125 126
0.427 0.572 0.026 36.71 53.21 0.7142751570648387 53.25853201748758 3 119 124 125
0.448 0.688 -0.191 32.11 54.71 0.8429288226179005 56.92932217723833 -3 119 125 125
0.335 0.537 0.446 25.64 43.91 0.7742803109985427 58.04259515912554 1 119 124 125
0.346 0.656 0.895 17.32 34.36 1.1623583784702547 62.191086332718456 1 121 125 126
0.301 0.892 1.145 11.72 37 1.4823258751030424 71.35334452394197 1 126 126 128
0.317 0.789 1.071 13.4 35.24 1.3674980804374095 68.11100148893516 1 123 125 127
0.313 1.058 1.133 11.42 41.99 1.5814619818383242 73.5196117463494 1 133 128 128
0.374 0.539 0.236 32.44 50.63 0.6972037005065306 55.24408744645863 3 119 124 125
0.304 0.987 1.165 11.26 39.34 1.5568590173808288 72.8809555819651 1 129 127 129
0.423 1.02 0.822 17.9 47.81 1.3765947115981523 67.47592727955144 1 137 131 126
0.339 1.073 1.013 12.94 45.13 1.514073644179833 72.46676527163133 1 135 130 128
0.54 0.754 0.071 35.49 54.16 0.9301381617802809 54.390505023885794 3 138 132 125
0.54 0.754 0.071 35.49 54.16 0.9301381617802809 54.390505023885794 3 138 132 125
0.394 0.55 -0.523 27.44 40.03 0.8551403393595698 54.38356517238658 1 135 130 126
0.541 0.863 0.368 29.97 52.83 1.0829930747701022 57.917101475106 3 138 133 125
-0.543 -0.623 -0.574 -32.66 -38.25 1.0062077320315124 -131.0750512856962 -1 126 126 127
-0.552 -0.625 -0.582 -32.88 -37.92 1.0168839658486115 -131.45094211146983 -1 126 126 127
-0.588 -0.593 -0.571 -35.54 -35.89 1.0116491486676593 -134.75742829301683 -3 126 126 127
-0.545 -0.629 -0.607 -31.94 -37.63 1.0301043636447718 -130.907446685009 -1 126 126 126
-0.521 -0.652 -0.622 -30.04 -38.78 1.0408789554986688 -128.6276437105866 -1 126 126 126
-0.516 -0.653 -0.62 -29.81 -38.99 1.037817421322267 -128.31575816823536 -1 126 126 126
-0.52 -0.645 -0.617 -30.22 -38.64 1.0330121006067645 -128.87581393953752 -1 126 126 127
-0.538 -0.633 -0.586 -31.95 -38.51 1.0166262833509667 -130.3619090495042 -1 126 126 127
-0.512 -0.655 -0.636 -29.28 -38.74 1.0467401778856107 -128.01400679094667 -1 126 126 128
-0.489 -0.656 -0.635 -28.17 -39.3 1.0357036255609033 -126.7018342427002 -1 126 127 131
-0.788 -0.492 -0.448 -49.82 -28.49 1.0313641451979993 -148.02076730562467 -3 126 127 130
-0.776 -0.495 -0.506 -47.63 -28.12 1.0503508937493222 -147.46674247772643 -2 126 127 130
-0.867 -0.411 -0.405 -56.36 -23.24 1.041458112455801 -154.63678188737413 -3 125 127 128
-0.794 -0.475 -0.424 -51.27 -27.82 1.0177607773931947 -149.11058456737493 -3 125 127 129
-0.609 -0.507 -0.612 -37.46 -30.42 1.0012362358604487 -140.22220194458677 -2 125 127 125
-0.616 -0.517 -0.541 -39.46 -32.24 0.9692399083818206 -139.9937439858234 -2 125 127 126
-0.613 -0.504 -0.651 -36.67 -29.41 1.0264433739861152 -140.57343708714907 -2 126 127 126
-0.586 -0.539 -0.641 -34.98 -31.82 1.0221536088083827 -137.39229916544386 -2 127 126 126
-0.584 -0.544 -0.628 -35.1 -32.39 1.0155668367960822 -137.0309142368531 -2 127 126 126
-0.591 -0.517 -0.628 -36 -30.94 1.0054620828256031 -138.82093907045171 -2 126 126 126
-0.591 -0.54 -0.637 -35.29 -31.86 1.0230591380756051 -137.58188029525957 -2 127 126 126
-0.583 -0.547 -0.622 -35.14 -32.69 1.0129076956959109 -136.8247350914505 -2 126 126 127
-0.58 -0.549 -0.624 -34.91 -32.8 1.0134974099621565 -136.57282816035723 -2 127 126 127
-0.583 -0.546 -0.622 -35.16 -32.64 1.0123680160890112 -136.87704638714135 -2 126 127 127
-0.586 -0.543 -0.623 -35.34 -32.41 1.0131011795472356 -137.1811587786577 -2 126 127 127
-0.595 -0.537 -0.626 -35.81 -31.87 1.0169906587574933 -137.93308462573285 -2 126 127 127
-0.604 -0.53 -0.626 -36.37 -31.35 1.0186225993958704 -138.73358444540509 -2 127 126 127
-0.614 -0.526 -0.621 -37.03 -31.06 1.0194670176126348 -139.4140785178982 -2 127 126 127
-0.599 -0.536 -0.628 -35.96 -31.7 1.020039705109561 -138.17703424910508 -2 126 126 127
-0.622 -0.52 -0.606 -37.92 -30.91 1.0121857537033407 -140.1039429129798 -2 127 126 125
-0.622 -0.52 -0.606 -37.92 -30.91 1.0121857537033407 -140.1039429129798 -2 127 126 125
-0.608 -0.518 -0.599 -37.52 -31.25 0.9983932091115203 -139.56987637607327 -2 125 126 126
-0.583 -0.544 -0.624 -35.15 -32.5 1.012522098524274 -136.98193795675664 -2 127 126 126
-0.622 -0.51 -0.601 -38.28 -30.53 1.0040841598192851 -140.65045063385773 -2 126 126 126
-0.541 -0.584 -0.632 -32.16 -35.07 1.0164452764413832 -132.81109352051178 -1 125 127 129
-0.622 -0.514 -0.601 -38.19 -30.72 1.0061217620149163 -140.43081129671077 -2 126 126 125
-0.538 -0.583 -0.637 -31.92 -34.96 1.0173996264988503 -132.70122525780675 -1 125 127 128
-0.616 -0.515 -0.606 -37.76 -30.79 1.0059408531320317 -140.1030627285805 -2 125 127 127
-0.543 -0.571 -0.641 -32.32 -34.2 1.0157612908552875 -133.56019378903437 -1 126 126 128
-0.595 -0.525 -0.64 -35.71 -31 1.0194361186459895 -138.57633437499737 -2 126 126 127
-0.616 -0.518 -0.604 -37.75 -30.98 1.0062782915277464 -139.9392155421262 -2 125 127 128
-0.616 -0.508 -0.631 -37.25 -29.95 1.017684135672754 -140.4884393072851 -2 126 126 127
-0.606 -0.513 -0.633 -36.64 -30.35 1.0154279885841242 -139.75092907067452 -2 126 126 127
-0.62 -0.499 -0.63 -37.65 -29.45 1.01503743773321 -141.17154296046525 -2 126 126 127
-0.616 -0.503 -0.627 -37.46 -29.78 1.0127161497675448 -140.76635296901978 -2 126 126 127
-0.614 -0.505 -0.635 -37.12 -29.76 1.017470392689635 -140.5635381806552 -2 126 126 126
-0.535 -0.582 -0.643 -31.67 -34.83 1.0190181548922472 -132.5905872099986 -1 126 126 128
-0.463 -0.445 -0.58 -32.35 -30.95 0.8653288392281862 -136.13567066697945 -2 127 126 125
-0.62 -0.498 -0.632 -37.62 -29.36 1.0157893482410614 -141.22767072105827 -2 126 127 127
-0.456 -0.454 -0.577 -31.84 -31.69 0.8642806257229187 -135.12592458738627 -2 127 126 125
-0.46 -0.45 -0.573 -32.27 -31.48 0.8616431976172039 -135.62959860841028 -2 127 126 125
-0.616 -0.508 -0.635 -37.14 -29.86 1.0201691036293934 -140.4884393072851 -2 127 126 126
-0.595 -0.538 -0.615 -36.06 -32.16 1.0107888008877028 -137.88006030573925 -2 126 126 125
