-0.379 0.934 -0.164 -21.78 66.15 1.0212213276268765 112.08640824982818 -3 126 126 127
-0.375 0.931 -0.171 -21.61 66.12 1.0181488103415925 111.9392159058508 -3 126 126 127
-0.369 0.919 -0.173 -21.53 66.08 1.0053113945439989 111.87661485411121 -3 126 126 127
-0.367 0.911 -0.168 -21.61 66.1 0.9964105579528953 111.94223830724415 -3 126 126 127
-0.363 0.903 -0.172 -21.55 66.02 0.9883127035508549 111.8997993945266 -3 126 126 127
-0.361 0.902 -0.163 -21.5 66.29 0.9851365387599832 111.81236051441286 -3 126 126 127
-0.356 0.9 -0.159 -21.28 66.58 0.9808246530343739 111.58154955430479 -3 126 126 127
-0.352 0.902 -0.157 -21.03 66.86 0.980896018954099 111.31791227546155 -3 126 126 127
-0.343 0.904 -0.16 -20.49 67.28 0.9800331627042016 110.77798636159388 -3 126 127 127
-0.335 0.919 -0.162 -19.75 67.96 0.9914786936692085 110.0281464301366 -3 126 126 127
-0.332 0.929 -0.163 -19.39 68.29 0.9999169965552142 109.6655441818868 -3 127 126 127
-0.325 0.939 -0.16 -18.84 68.9 1.0064521846565786 109.09139624791649 -3 127 126 127
-0.319 0.948 -0.16 -18.36 69.37 1.0129486660240983 108.59797779034943 -3 127 126 127
-0.314 0.95 -0.164 -18.04 69.55 1.013899403294035 108.29007990404567 -3 127 126 126
-0.315 0.949 -0.165 -18.11 69.46 1.0134352470681094 108.36246843209344 -3 127 126 126
-0.315 0.944 -0.161 -18.21 69.46 1.0081081291210778 108.45315529816341 -3 127 126 126
-0.335 0.934 -0.164 -19.46 68.23 1.0057221286220166 109.73150793630444 -3 126 126 126
-0.347 0.928 -0.151 -20.26 67.81 1.0021945918832331 110.50189683214803 -3 126 126 126
-0.355 0.924 -0.148 -20.77 67.4 1.0008521369313252 111.01673211158952 -3 126 126 126
-0.364 0.923 -0.155 -21.25 66.8 1.0042161121989628 111.52260010790708 -3 126 126 126
-0.372 0.92 -0.15 -21.76 66.44 1.003635391962639 112.01583879777564 -3 126 126 126
-0.373 0.919 -0.149 -21.83 66.39 1.002941174745558 112.09105054029595 -3 126 125 126
-0.38 0.92 -0.152 -22.17 66.02 1.0069280013983126 112.44275336529437 -3 126 125 126
-0.398 0.918 -0.133 -23.22 65.43 1.0093646516497397 113.43920129664734 -3 126 125 126
-0.402 0.915 -0.119 -23.54 65.38 1.0064740433811494 113.71800983864871 -3 126 124 126
-0.413 0.908 -0.112 -24.3 64.77 1.0037813506934665 114.45821573909816 -3 126 124 126
-0.427 0.9 -0.104 -25.23 63.97 1.0015712655622666 115.38174128779042 -3 126 124 126
-0.439 0.897 -0.091 -25.96 63.44 1.002801575587115 116.07754847201846 -3 126 124 126
-0.443 0.896 -0.094 -26.18 63.19 1.003942727450127 116.30869593242171 -3 126 124 127
-0.431 0.901 -0.092 -25.45 63.94 1.0030084745404697 115.56446531158154 -3 126 124 127
-0.414 0.906 -0.091 -24.45 64.93 1.0002564671123102 114.55820344158344 -3 126 125 126
-0.393 0.905 -0.09 -23.37 65.99 0.9907441647569771 113.47309574129343 -3 126 125 126
-0.356 0.9 -0.092 -21.48 67.78 0.9722139682189307 111.58154955430479 -3 126 126 126
-0.352 0.897 -0.097 -21.31 67.85 0.96846373189707 111.42599444962528 -3 126 126 126
-0.347 0.889 -0.095 -21.21 67.97 0.9590385810800314 111.32200473369463 -3 126 126 126
-0.348 0.878 -0.105 -21.48 67.51 0.9502699616424798 111.62116382216769 -3 126 126 126
-0.358 0.872 -0.103 -22.18 66.87 0.9482388939502534 112.32062416561419 -3 126 126 125
-0.37 0.87 -0.106 -22.89 66.14 0.9513338005137839 113.03943597990354 -3 126 126 125
-0.38 0.865 -0.1 -23.58 65.57 0.9500657871958131 113.71618945136714 -3 126 126 125
-0.446 0.884 -0.082 -26.67 62.84 0.9935270504621402 116.77208109633877 -3 126 125 125
-0.502 0.899 -0.059 -29.13 60.65 1.0313515404555327 119.17891320775456 -3 126 124 126
-0.578 0.908 -0.049 -32.44 57.43 1.0774734335472036 122.47935757218315 -3 126 124 126
-0.675 0.925 -0.032 -36.1 53.85 1.145545285006228 126.11934084947977 -3 126 123 127
-0.786 0.933 -0.039 -40.09 49.85 1.220576093490283 130.11225212175214 -3 126 123 127
-0.871 0.942 -0.042 -42.73 47.21 1.2836545485448958 132.75735099165894 -3 126 123 128
-0.934 0.935 -0.061 -44.91 44.97 1.322989795879016 134.96934415513877 -3 127 123 130
-0.935 0.877 -0.06 -46.77 43.11 1.2833370562716562 136.8333449112621 -3 128 123 133
-0.862 0.801 -0.053 -47.04 42.85 1.1779023728645766 137.10070734738622 -3 128 124 135
-0.752 0.71 -0.032 -46.62 43.33 1.0347115540091354 136.6455274093504 -3 128 124 137
-0.596 0.619 -0.037 -43.86 46.03 0.860084879532247 133.9155180636768 -3 128 124 138
-0.433 0.547 -0.057 -38.21 51.4 0.6999621418333994 128.36480237013566 -3 127 125 140
-0.044 0.54 -0.085 -4.6 79.95 0.5484168122878802 94.65825410967562 -1 126 127 142
0.138 0.569 -0.119 13.35 72.24 0.5974663170422245 76.36724126713227 -3 126 128 142
0.277 0.595 -0.114 24.57 63.28 0.6661456297237114 65.03584562658654 -3 126 129 142
0.425 0.609 -0.079 34.69 54.63 0.7468246112709462 55.09014688616865 -3 126 129 142
0.535 0.58 -0.039 42.62 47.24 0.7900291133876016 47.3111314527614 -3 126 129 142
0.608 0.589 0.035 45.86 44.04 0.8472366847581613 44.09061955080086 3 126 129 142
0.699 0.642 0.112 47.01 42.2 0.9556720148670254 42.56607403092399 3 126 129 141
-0.379 0.934 -0.164 -21.78 66.15 1.0212213276268765 112.08640824982818 -3 126 126 127
-0.375 0.931 -0.171 -21.61 66.12 1.0181488103415925 111.9392159058508 -3 126 126 127
-0.369 0.919 -0.173 -21.53 66.08 1.0053113945439989 111.87661485411121 -3 126 126 127
-0.367 0.911 -0.168 -21.61 66.1 0.9964105579528953 111.94223830724415 -3 126 126 127
-0.363 0.903 -0.172 -21.55 66.02 0.9883127035508549 111.8997993945266 -3 126 126 127
-0.361 0.902 -0.163 -21.5 66.29 0.9851365387599832 111.81236051441286 -3 126 126 127
-0.356 0.9 -0.159 -21.28 66.58 0.9808246530343739 111.58154955430479 -3 126 126 127
-0.352 0.902 -0.157 -21.03 66.86 0.980896018954099 111.31791227546155 -3 126 126 127
-0.343 0.904 -0.16 -20.49 67.28 0.9800331627042016 110.77798636159388 -3 126 127 127
-0.335 0.919 -0.162 -19.75 67.96 0.9914786936692085 110.0281464301366 -3 126 126 127
-0.332 0.929 -0.163 -19.39 68.29 0.9999169965552142 109.6655441818868 -3 127 126 127
-0.325 0.939 -0.16 -18.84 68.9 1.0064521846565786 109.09139624791649 -3 127 126 127
-0.319 0.948 -0.16 -18.36 69.37 1.0129486660240983 108.59797779034943 -3 127 126 127
-0.314 0.95 -0.164 -18.04 69.55 1.013899403294035 108.29007990404567 -3 127 126 126
-0.315 0.949 -0.165 -18.11 69.46 1.0134352470681094 108.36246843209344 -3 127 126 126
-0.315 0.944 -0.161 -18.21 69.46 1.0081081291210778 108.45315529816341 -3 127 126 126
-0.335 0.934 -0.164 -19.46 68.23 1.0057221286220166 109.73150793630444 -3 126 126 126
-0.347 0.928 -0.151 -20.26 67.81 1.0021945918832331 110.50189683214803 -3 126 126 126
-0.355 0.924 -0.148 -20.77 67.4 1.0008521369313252 111.01673211158952 -3 126 126 126
-0.364 0.923 -0.155 -21.25 66.8 1.0042161121989628 111.52260010790708 -3 126 126 126
-0.372 0.92 -0.15 -21.76 66.44 1.003635391962639 112.01583879777564 -3 126 126 126
-0.373 0.919 -0.149 -21.83 66.39 1.002941174745558 112.09105054029595 -3 126 125 126
-0.38 0.92 -0.152 -22.17 66.02 1.0069280013983126 112.44275336529437 -3 126 125 126
-0.398 0.918 -0.133 -23.22 65.43 1.0093646516497397 113.43920129664734 -3 126 125 126
-0.402 0.915 -0.119 -23.54 65.38 1.0064740433811494 113.71800983864871 -3 126 124 126
-0.413 0.908 -0.112 -24.3 64.77 1.0037813506934665 114.45821573909816 -3 126 124 126
-0.427 0.9 -0.104 -25.23 63.97 1.0015712655622666 115.38174128779042 -3 126 124 126
-0.439 0.897 -0.091 -25.96 63.44 1.002801575587115 116.07754847201846 -3 126 124 126
-0.443 0.896 -0.094 -26.18 63.19 1.003942727450127 116.30869593242171 -3 126 124 127
-0.431 0.901 -0.092 -25.45 63.94 1.0030084745404697 115.56446531158154 -3 126 124 127
-0.414 0.906 -0.091 -24.45 64.93 1.0002564671123102 114.55820344158344 -3 126 125 126
-0.393 0.905 -0.09 -23.37 65.99 0.9907441647569771 113.47309574129343 -3 126 125 126
-0.356 0.9 -0.092 -21.48 67.78 0.9722139682189307 111.58154955430479 -3 126 126 126
-0.352 0.897 -0.097 -21.31 67.85 0.96846373189707 111.42599444962528 -3 126 126 126
-0.347 0.889 -0.095 -21.21 67.97 0.9590385810800314 111.32200473369463 -3 126 126 126
-0.348 0.878 -0.105 -21.48 67.51 0.9502699616424798 111.62116382216769 -3 126 126 126
-0.358 0.872 -0.103 -22.18 66.87 0.9482388939502534 112.32062416561419 -3 126 126 125
-0.37 0.87 -0.106 -22.89 66.14 0.9513338005137839 113.03943597990354 -3 126 126 125
-0.38 0.865 -0.1 -23.58 65.57 0.9500657871958131 113.71618945136714 -3 126 126 125
-0.446 0.884 -0.082 -26.67 62.84 0.9935270504621402 116.77208109633877 -3 126 125 125
-0.502 0.899 -0.059 -29.13 60.65 1.0313515404555327 119.17891320775456 -3 126 124 126
-0.578 0.908 -0.049 -32.44 57.43 1.0774734335472036 122.47935757218315 -3 126 124 126
-0.675 0.925 -0.032 -36.1 53.85 1.145545285006228 126.11934084947977 -3 126 123 127
-0.786 0.933 -0.039 -40.09 49.85 1.220576093490283 130.11225212175214 -3 126 123 127
-0.871 0.942 -0.042 -42.73 47.21 1.2836545485448958 132.75735099165894 -3 126 123 128
-0.934 0.935 -0.061 -44.91 44.97 1.322989795879016 134.96934415513877 -3 127 123 130
-0.935 0.877 -0.06 -46.77 43.11 1.2833370562716562 136.8333449112621 -3 128 123 133
-0.862 0.801 -0.053 -47.04 42.85 1.1779023728645766 137.10070734738622 -3 128 124 135
-0.752 0.71 -0.032 -46.62 43.33 1.0347115540091354 136.6455274093504 -3 128 124 137
-0.596 0.619 -0.037 -43.86 46.03 0.860084879532247 133.9155180636768 -3 128 124 138
-0.433 0.547 -0.057 -38.21 51.4 0.6999621418333994 128.36480237013566 -3 127 125 140
-0.044 0.54 -0.085 -4.6 79.95 0.5484168122878802 94.65825410967562 -1 126 127 142
0.138 0.569 -0.119 13.35 72.24 0.5974663170422245 76.36724126713227 -3 126 128 142
0.277 0.595 -0.114 24.57 63.28 0.6661456297237114 65.03584562658654 -3 126 129 142
0.425 0.609 -0.079 34.69 54.63 0.7468246112709462 55.09014688616865 -3 126 129 142
0.535 0.58 -0.039 42.62 47.24 0.7900291133876016 47.3111314527614 -3 126 129 142
0.608 0.589 0.035 45.86 44.04 0.8472366847581613 44.09061955080086 3 126 129 142
0.699 0.642 0.112 47.01 42.2 0.9556720148670254 42.56607403092399 3 126 129 141
0.949 0.789 0.166 49.65 39.32 1.2452622213815048 39.740185336373045 3 126 128 137
1.039 0.876 0.187 49.23 39.69 1.3718112115010577 40.134853556111864 3 127 127 135
1.202 0.904 0.117 52.83 36.82 1.5085453258023107 36.94608879709459 3 127 125 133
1.312 0.921 0.08 54.83 35.02 1.6049875388924366 35.06815294198366 3 127 124 130
1.372 0.906 0.049 56.52 33.42 1.6448771990638085 33.43877185877084 3 127 123 127
1.327 0.833 -0.016 57.88 32.12 1.5668675757702053 32.11779613507637 -3 128 122 121
1.203 0.817 0.005 55.82 34.18 1.4542087195447564 34.18181781586772 3 128 123 117
1.067 0.743 0.019 55.14 34.85 1.30034572325978 34.85122687089396 3 128 124 115
0.892 0.666 0.044 53.19 36.71 1.1140718109709087 36.74637118359243 3 128 125 113
0.693 0.614 0.07 48.28 41.4 0.9285176358045117 41.54103569183468 3 128 125 111
0.519 0.56 0.086 42.49 46.79 0.7683469268501046 47.176086502021676 3 127 126 111
0.379 0.515 0.084 35.99 52.99 0.6449201500961186 53.64981834879749 3 127 126 111
0.027 0.532 -0.008 2.91 86.97 0.5327447794206904 87.09462429013777 -3 126 127 111
-0.132 0.568 -0.082 -12.95 74.7 0.5888735008471684 103.08299067481111 -3 125 127 111
-0.327 0.607 -0.146 -27.64 59.46 0.7047652091299627 118.31201230407633 -3 125 127 111
-0.559 0.638 -0.181 -40.13 47.36 0.8673442223246778 131.2240503322108 -3 125 127 111
-0.749 0.639 -0.192 -48.3 39.57 1.0030882314133687 139.53126117994495 -3 125 127 112
-0.903 0.602 -0.204 -54.86 33.04 1.1042775919124683 146.30993247402023 -3 125 127 113
-1.019 0.576 -0.164 -59.56 29.16 1.181961505295329 150.52225826338343 -3 125 127 115
-1.062 0.598 -0.112 -60.19 29.25 1.2239248342933484 150.61663826211716 -3 126 128 120
-1 0.61 -0.14 -57.96 31.14 1.179703352542494 148.61680894364096 -3 126 129 123
-0.904 0.679 -0.143 -52.49 36.57 1.1396078272809467 143.08956050384586 -3 126 129 124
-0.819 0.748 -0.165 -46.92 41.84 1.121378615811805 137.59426928324768 -3 126 129 125
