-0.131 0.924 -0.421 -7.35 64.49 1.0238056456183469 98.06932491724736 -1 126 126 127
-0.133 0.922 -0.422 -7.47 64.36 1.022671501509649 98.20838711121232 -1 126 126 126
-0.128 0.926 -0.418 -7.18 64.73 1.0240039062425494 97.8700627802742 -1 127 126 127
-0.117 0.931 -0.419 -6.54 64.95 1.0276239584595135 97.1628853318298 -1 127 126 127
-0.104 0.938 -0.422 -5.77 65.14 1.0338007544976933 96.32678295151088 -1 127 126 127
-0.081 0.946 -0.439 -4.44 64.74 1.0460391962063371 94.89393887425743 -1 127 126 127
-0.086 0.917 -0.464 -4.78 62.77 1.0313006351205258 95.3577605803017 -1 127 126 127
-0.073 0.947 -0.445 -3.99 64.54 1.0488865524926898 94.4079585492809 -1 127 126 127
-0.107 0.896 -0.466 -6.05 61.91 1.0155889916693663 96.8099911824302 -1 127 126 126
-0.076 0.938 -0.449 -4.18 64.1 1.0426989018887476 94.63218319678583 -1 127 126 127
-0.136 0.88 -0.462 -7.79 61.31 1.0031649914146725 98.78529871788461 -1 127 126 126
-0.169 0.873 -0.452 -9.75 61.07 0.9974938596302235 100.9561033094057 -1 127 126 126
-0.197 0.875 -0.451 -11.32 60.64 1.0039098565110314 102.68817396025591 -1 127 126 126
-0.12 0.966 -0.455 -6.41 64.03 1.0745143088856473 97.08121224465872 -1 126 126 127
-0.206 0.918 -0.434 -11.47 62.38 1.0361061721657678 102.6477058588905 -1 127 126 127
-0.206 0.918 -0.434 -11.47 62.38 1.0361061721657678 102.6477058588905 -1 127 126 127
-0.049 1 -0.474 -2.54 64.52 1.1077350766315925 92.80524949714 -1 126 126 127
0.027 1.024 -0.498 1.36 64.03 1.138994732209065 88.48962139320825 1 126 126 127
0.198 0.937 -0.562 10.27 57.55 1.1104129862353016 78.06820451688613 1 126 126 127
0.16 1.02 -0.543 7.88 60.97 1.1665543279247652 81.08507304285214 1 126 126 127
0.094 1.029 -0.525 4.65 62.6 1.1590090594986735 84.78046999008019 1 126 126 127
0.16 0.912 -0.571 8.46 56.97 1.0878350058717545 80.0493733120484 1 126 125 127
0.041 0.868 -0.567 2.26 56.78 1.0375904779825227 87.29564261258365 1 127 126 126
-0.045 0.854 -0.547 -2.54 57.27 1.0151600858977858 93.01630884764356 -1 127 127 125
0.111 0.89 -0.577 5.97 56.57 1.066466126982006 82.89083091373188 1 126 125 126
-0.143 0.846 -0.522 -8.19 57.39 1.0043151895694895 99.59406164901613 -1 127 128 125
-0.242 0.813 -0.462 -14.51 57.32 0.9659073454529682 106.57631987305392 -1 128 129 124
-0.32 0.809 -0.433 -19.23 56.36 0.9717870137020767 111.58127737179365 -1 127 129 123
-0.344 0.814 -0.41 -20.68 56.68 0.9741827343984288 112.9091343575655 -1 126 128 124
-0.309 0.804 -0.439 -18.64 56.27 0.9667564326137169 111.0231834989605 -1 127 129 123
-0.213 0.816 -0.505 -12.51 56.11 0.982980162566875 104.62944863381055 -1 128 129 124
-0.406 0.815 -0.402 -24.07 54.97 0.9953215560812496 116.48062720156597 -3 126 126 125
-0.463 0.834 -0.383 -26.77 54.23 1.0279173118495477 119.0371020796094 -3 126 125 126
-0.504 0.868 -0.334 -28.45 55.14 1.0578260726603406 120.14138555207535 -3 125 125 125
-0.46 0.826 -0.39 -26.73 53.87 1.0227296808052457 119.11346557365742 -3 126 125 126
-0.401 0.804 -0.407 -23.99 54.6 0.986339698075668 116.50801209237395 -1 126 126 124
-0.828 0.823 -0.34 -42.92 42.6 1.215941199236213 135.17351788112987 -3 125 122 125
-0.587 0.871 -0.343 -32.09 52.03 1.104924884324722 123.97752743531814 -3 125 124 125
-0.695 0.857 -0.34 -37.01 47.92 1.1545882382910369 129.0409635141829 -3 125 123 125
-0.958 0.727 -0.404 -49.04 34.96 1.2686642581865384 142.80613166689724 -3 125 121 127
-0.934 0.68 -0.369 -50.36 34.1 1.2128136707672783 143.94345732658633 -3 126 121 128
-0.666 0.639 -0.333 -42.75 40.64 0.981206400305257 136.1852608186224 -3 126 123 130
-0.295 0.698 -0.281 -21.41 59.73 0.8082017074963403 112.91067444709111 -3 125 125 131
-0.943 0.784 -0.366 -47.46 37.78 1.27978943580575 140.26023108956278 -3 125 121 126
-0.477 0.655 -0.324 -33.13 48.64 0.8726568626900266 126.06376485617328 -3 126 125 131
0.127 0.838 -0.365 7.91 65.24 0.9228206759712312 81.38232644274072 1 123 125 132
0.268 0.948 -0.487 14.11 59.61 1.0989526832398198 74.21437998026842 1 122 123 132
-0.076 0.733 -0.275 -5.54 68.73 0.7865684966994293 95.9194750161393 -1 124 126 131
0.515 1.21 -0.69 20.29 54.57 1.4850673385405795 66.94443410069184 1 126 124 130
0.387 1.037 -0.577 18.06 56.18 1.2482255405174179 69.53483306866592 1 123 123 131
