-0.291 0.961 -0.52 -14.91 58.2 1.1307528465584333 106.84681483650394 -1 123 129 123
-0.311 0.905 -0.555 -16.33 54.89 1.1062418361280684 108.96509953085314 -1 123 129 124
-0.341 0.891 -0.499 -18.46 55.85 1.0766443238135797 110.94265054998827 -1 122 129 124
-0.337 0.853 -0.495 -18.87 54.93 1.0422106313025212 111.55779658513049 -1 120 128 124
-0.381 0.863 -0.398 -21.85 57.44 1.0238818291189662 113.82065276352402 -1 120 128 124
-0.391 0.824 -0.373 -23.38 56.74 0.9853862186980291 115.38502053227529 -3 120 127 125
-0.392 0.824 -0.276 -24.28 59.81 0.9533184148016862 115.44174846300257 -3 119 127 125
-0.397 0.825 -0.276 -24.53 59.63 0.9562478758146341 115.69742372279997 -3 120 128 125
-0.393 0.792 -0.251 -25.32 59.51 0.919083238885358 116.39116467145114 -3 121 128 126
-0.397 0.82 -0.22 -25.06 61.03 0.9372347624794974 115.83377509609963 -3 122 128 126
-0.4 0.871 -0.207 -24.07 62.66 0.980555964746531 114.66658642725432 -3 122 129 126
-0.398 0.873 -0.19 -24.01 63.2 0.978076172902704 114.50820431215685 -3 122 129 127
-0.383 0.886 -0.172 -22.99 64.65 0.9804432670991218 113.37785845387302 -3 122 129 127
-0.376 0.913 -0.147 -22.13 66.15 0.9982755130724182 112.38329132251846 -3 122 128 128
-0.357 0.906 -0.135 -21.29 67.16 0.9831124045601296 111.5064109399924 -3 122 128 128
-0.301 0.913 -0.097 -18.15 70.9 0.9662189192931382 108.24647654379216 -3 122 127 129
-0.278 0.92 -0.09 -16.74 72.38 0.9652895938525392 106.81344735066841 -3 122 126 130
-0.244 0.93 -0.08 -14.65 74.56 0.9647984245426606 104.70109905847619 -3 123 126 130
-0.213 0.934 -0.066 -12.82 76.57 0.9602504881540025 102.84668184767429 -3 124 126 130
-0.183 0.928 -0.065 -11.13 78.18 0.9481023151538024 101.15549678464794 -3 124 126 130
-0.149 0.903 -0.054 -9.35 80.05 0.916802050608527 99.3696939403105 -3 124 126 130
-0.115 0.917 -0.031 -7.14 82.6 0.9247026549112963 97.14808537711963 -3 124 126 130
-0.116 0.914 0.013 -7.23 82.72 0.9214233554669645 97.2330050354075 3 124 125 129
-0.12 0.918 0.034 -7.44 82.26 0.9264340235548347 97.44741685019517 3 125 125 129
-0.119 0.903 0.019 -7.51 82.4 0.9110054884576712 97.50734666694966 3 126 126 128
-0.221 0.954 -0.078 -13 76.2 0.9823650034483109 103.04285662549641 -3 123 130 124
-0.202 0.936 -0.015 -12.18 77.79 0.9576664346211577 102.17833948236597 -3 125 131 125
-0.268 0.89 0.019 -16.75 73.2 0.9296692960402639 106.75828767920345 3 125 130 125
-0.306 0.872 0.021 -19.33 70.62 0.9243705966764629 109.33686126710016 3 125 131 124
-0.384 0.893 0.054 -23.23 66.53 0.9735609893581398 113.26824629665121 3 126 131 125
-0.348 0.834 0.06 -22.6 67.05 0.9056820634196087 112.64912734565607 3 128 126 129
-0.309 0.902 0.017 -18.91 71.06 0.9536110318153833 108.91002731745068 3 129 126 128
-0.261 0.948 0.006 -15.39 74.6 0.9832909030393803 105.39310666630365 3 129 125 129
-0.178 0.99 0.019 -10.19 79.75 1.0060541734916664 100.19276167938858 3 130 124 129
-0.102 1.031 -0.057 -5.64 83.53 1.037600115651497 95.65006169875963 -3 131 124 128
-0.068 1.042 -0.085 -3.72 84.04 1.047670272557163 93.73377757833114 -1 131 125 128
-0.067 1.031 -0.12 -3.69 82.41 1.0401201853632107 93.71816388425846 -1 131 126 126
-0.087 1.017 -0.193 -4.8 78.24 1.0388007508661128 94.88950480670304 -1 131 126 125
-0.118 1.015 -0.204 -6.5 76.93 1.0420004798463385 96.63121935619186 -1 130 127 124
-0.155 1.055 -0.206 -8.21 76.27 1.0860414356736117 98.35806844370002 -1 129 127 124
-0.205 1.161 -0.256 -9.78 74.23 1.2064335870656122 100.01361028290053 -1 128 127 124
-0.27 1.138 -0.256 -13.03 71.89 1.197280251236109 103.34711137262869 -3 128 127 124
-0.372 1.078 -0.247 -18.59 67.5 1.1668234656536525 109.03870895415761 -3 127 127 124
-0.414 0.98 -0.232 -22.35 64.16 1.0888617910460445 112.90157728431396 -3 128 126 125
-0.43 0.832 -0.184 -26.78 60.66 0.9544527227683935 117.33113819832143 -3 128 126 125
-0.428 0.835 -0.178 -26.63 60.96 0.9550356014306483 117.13853601437107 -3 127 125 125
-0.417 0.866 -0.166 -25.31 62.6 0.9753978675391904 115.7119430103877 -3 127 124 125
-0.396 0.854 -0.168 -24.46 63.27 0.9562196400409271 114.87716588823538 -3 126 124 125
-0.393 0.898 -0.199 -23.14 63.87 1.000226974241347 113.63607155380683 -3 125 124 125
-0.343 0.942 -0.248 -19.4 65.8 1.032723099383373 110.00752094837236 -3 124 126 126
-0.343 0.942 -0.248 -19.4 65.8 1.032723099383373 110.00752094837236 -3 124 126 126
-0.281 1.02 -0.304 -14.79 67.91 1.100807430934221 105.40235946032627 -1 124 128 126
-0.258 1.045 -0.314 -13.3 68.75 1.1212426142454628 103.86841043428471 -1 125 129 127
-0.446 1.25 0.121 -19.55 69.71 1.3326878854405484 109.63640010131327 3 127 129 129
-0.49 1.284 0.242 -20.56 66.94 1.3954640805122862 110.88785150915677 3 129 129 130
-0.469 1.264 0.243 -20.02 67.32 1.3699291952506158 110.3570850695153 3 130 129 130
-0.45 1.218 0.25 -19.9 67.09 1.3223176622884534 110.27716044768948 3 129 128 128
-0.255 0.992 -0.201 -14.14 71.88 1.0437863766116129 104.41612940636651 -3 128 127 126
-0.255 0.992 -0.201 -14.14 71.88 1.0437863766116129 104.41612940636651 -3 128 127 126
-0.289 0.883 -0.294 -17.25 64.97 0.9744978193921215 108.12292587885541 -1 126 125 124
-0.335 0.838 -0.288 -20.71 62.2 0.9473188481182035 111.78962023147436 -3 126 125 124
-0.365 0.811 -0.272 -23.11 60.7 0.9300161288923972 114.2306828098518 -3 126 126 124
-0.385 0.797 -0.253 -24.72 59.97 0.9205666733050899 115.78339879048012 -3 126 126 125
-0.389 0.786 -0.255 -25.21 59.38 0.9133137467486188 116.3313114048664 -3 126 127 126
-0.409 0.799 -0.235 -26.16 59.44 0.9278507423071881 117.1074464392762 -3 126 126 127
-0.421 0.798 -0.235 -26.84 58.86 0.9323465021117417 117.81473611322596 -3 127 126 127
-0.445 0.805 -0.232 -27.98 58.06 0.9486168878952135 118.93359946480335 -3 127 126 127
-0.469 0.83 -0.217 -28.66 58.09 0.9777269557499169 119.46906455659764 -3 127 126 126
-0.491 0.843 -0.203 -29.52 57.78 0.9964632456844558 120.21838935567717 -3 127 127 126
-0.492 0.86 -0.208 -29.08 58.15 1.0123872776758902 119.7735722206899 -3 127 127 126
-0.485 0.869 -0.219 -28.42 58.52 1.0189931304969628 119.16644424497447 -3 127 127 126
-0.479 0.87 -0.227 -28.05 58.65 1.0187590490395657 118.83606868928591 -3 127 127 126
-0.469 0.877 -0.236 -27.31 59.09 1.022147738832308 118.13687561228701 -3 127 127 126
-0.465 0.889 -0.238 -26.81 59.56 1.0311110512452089 117.61224929493027 -3 127 127 126
-0.454 0.901 -0.24 -25.96 60.32 1.0370713572363284 116.7428300642607 -3 127 127 126
-0.42 0.916 -0.262 -23.79 61.61 1.0412012293500235 114.63217939736215 -3 126 127 126
-0.41 0.915 -0.279 -23.2 61.54 1.0407526122955446 114.1365515667228 -3 126 127 126
-0.401 0.911 -0.294 -22.73 61.37 1.0378622259240384 113.7579246818022 -3 127 126 126
-0.396 0.903 -0.297 -22.62 61.27 1.029773761561247 113.67928693363717 -3 127 127 126
-0.4 0.898 -0.292 -22.96 61.12 1.0255086542784513 114.0098310662732 -3 127 127 126
-0.4 0.893 -0.294 -23.05 60.93 1.0217069051347358 114.1289595890926 -3 127 127 126
-0.4 0.889 -0.294 -23.13 60.82 1.018212649695534 114.22506544052335 -3 127 127 126
-0.401 0.876 -0.302 -23.4 60.18 1.0096439966641706 114.59653316425901 -3 126 126 127
-0.4 0.87 -0.313 -23.39 59.72 1.0074070676742346 114.69155816347806 -3 126 126 127
-0.401 0.868 -0.314 -23.48 59.6 1.0063900834169621 114.79606671089381 -3 126 126 127
-0.399 0.864 -0.317 -23.44 59.47 1.0030882314133687 114.78775522726156 -3 126 126 127
-0.396 0.871 -0.315 -23.15 59.85 1.0073142508671264 114.4489107339993 -3 126 126 126
-0.404 0.871 -0.308 -23.62 59.75 1.0083258401925441 114.88350519319273 -3 126 126 126
-0.408 0.867 -0.304 -23.95 59.59 1.005270610333357 115.20112364547509 -3 126 126 126
-0.409 0.864 -0.304 -24.06 59.47 1.0030917206317675 115.33192113318646 -3 126 126 126
-0.414 0.863 -0.29 -24.45 59.64 1.0001324912230378 115.62805421102784 -3 126 127 126
-0.432 0.885 -0.256 -25.12 60.43 1.0175386970528442 116.01865022598736 -3 126 128 127
-0.426 0.905 -0.254 -24.38 61.28 1.031996608521559 115.20722121151528 -3 126 128 127
-0.426 0.92 -0.245 -24.11 61.89 1.043024927794154 114.84618793054581 -3 126 128 127
-0.425 0.919 -0.257 -24.01 61.61 1.0446219411825506 114.81861531903468 -3 126 127 126
-0.407 0.91 -0.284 -23.12 61.39 1.0365350934724786 114.09671188333078 -3 126 127 126
-0.407 0.901 -0.297 -23.22 60.79 1.0323076091940813 114.30966054899847 -3 126 126 126
-0.409 0.881 -0.304 -23.69 59.95 1.017771094107118 114.90285799337146 -3 125 125 126
-0.408 0.869 -0.304 -23.9 59.65 1.006996027797528 115.15029855084985 -3 126 125 126
-0.401 0.862 -0.3 -23.72 59.84 0.9969177498670589 114.94771769607075 -3 126 125 126
-0.398 0.856 -0.289 -23.77 60.12 0.9872492086601032 114.93622623655227 -3 126 125 126
-0.396 0.857 -0.287 -23.66 60.29 0.986728939476288 114.80057333161214 -3 126 125 126
-0.399 0.856 -0.291 -23.81 60.02 0.988239849429277 114.9912381061441 -3 126 126 126
-0.393 0.856 -0.293 -23.48 60.2 0.9864248577565349 114.66043020401469 -3 126 126 126
-0.398 0.858 -0.304 -23.62 59.73 0.993470684016393 114.8851456225096 -3 126 126 126
-0.4 0.86 -0.31 -23.63 59.53 0.9978476837674174 114.9439052634246 -3 126 127 126
-0.407 0.857 -0.311 -24.06 59.13 0.9984082331391302 115.4036268196274 -3 127 127 127
-0.412 0.86 -0.307 -24.28 59.14 1.0017948891864041 115.59767216178189 -3 127 127 127
-0.406 0.865 -0.296 -23.95 59.85 1.0003384427282598 115.14367788790484 -3 126 127 126
-0.407 0.867 -0.285 -24.03 60.18 0.9992812416932482 115.14699594544962 -3 126 127 126
-0.426 0.854 -0.286 -25.31 59 0.9962871072135783 116.51135318013543 -3 126 126 126
-0.44 0.84 -0.282 -26.41 58.11 0.9893048064171122 117.64597536373869 -3 126 126 126
-0.46 0.823 -0.279 -27.89 56.83 0.9832446287674294 119.20216681884803 -3 126 125 126
-0.471 0.81 -0.286 -28.74 55.77 0.9796616762944236 120.177208203409 -3 126 125 126
-0.479 0.803 -0.29 -29.29 55.11 0.9789535229008577 120.81662902838627 -3 126 125 126
-0.484 0.809 -0.274 -29.54 55.49 0.9817397822233752 120.89079487302325 -3 126 126 126
-0.489 0.821 -0.269 -29.51 55.79 0.9927351106916689 120.77866671805369 -3 127 126 126
-0.504 0.843 -0.251 -29.81 56.26 1.013738625090314 120.87371609360285 -3 127 127 127
-0.51 0.851 -0.246 -29.93 56.36 1.0221629028682269 120.93404394380548 -3 127 127 127
-0.508 0.861 -0.255 -29.5 56.57 1.031702476492133 120.5410984724287 -3 127 127 127
-0.504 0.865 -0.26 -29.16 56.75 1.0343311848726209 120.22759977334195 -3 127 127 127
-0.501 0.87 -0.271 -28.8 56.79 1.039875954140685 119.93600809565929 -3 127 127 127
-0.49 0.884 -0.291 -27.77 57.19 1.0517780184050245 118.99954378591578 -3 127 127 127
-0.484 0.88 -0.302 -27.48 57.05 1.048742103665148 118.81079374297306 -3 127 127 127
-0.48 0.879 -0.31 -27.25 56.97 1.0483992560088928 118.63785425126144 -3 126 127 127
-0.477 0.875 -0.316 -27.15 56.82 1.0454711856383225 118.59669436323182 -3 126 127 127
-0.466 0.868 -0.323 -26.71 56.85 1.0367781826408193 118.22985493383145 -3 126 127 127
-0.462 0.864 -0.32 -26.63 56.96 1.0306987920823425 118.13440598182697 -3 126 127 127
-0.466 0.853 -0.32 -27.09 56.47 1.0233108032264684 118.64809544642176 -3 126 127 127
-0.463 0.838 -0.312 -27.37 56.33 1.0069543187255319 118.92091225194606 -3 126 126 126
-0.468 0.83 -0.307 -27.87 56.01 1.0010859103993024 119.41671327679559 -3 126 126 126
-0.463 0.82 -0.316 -27.78 55.64 0.9932899878685982 119.45055625138374 -3 126 126 126
-0.456 0.819 -0.313 -27.48 55.97 0.98826413473322 119.10803502500582 -3 126 126 126
-0.456 0.815 -0.318 -27.53 55.7 0.9865520766791787 119.22741455851124 -3 126 126 126
-0.455 0.817 -0.32 -27.41 55.75 0.9883895992977668 119.11411361186295 -3 126 126 126
-0.454 0.822 -0.321 -27.22 55.92 0.992391555788339 118.91237241892688 -3 126 126 126
-0.458 0.829 -0.318 -27.29 56.08 0.9990640620100395 118.91945893602811 -3 126 126 126
-0.464 0.845 -0.318 -27.2 56.35 1.0151083685991362 118.77173554630122 -3 126 126 127
-0.466 0.849 -0.313 -27.25 56.53 1.0178044998918014 118.76154830993758 -3 126 126 127
-0.47 0.851 -0.31 -27.43 56.51 1.0203925715135327 118.91149374748886 -3 126 126 127
-0.472 0.854 -0.307 -27.48 56.6 1.0229120196771568 118.92913076299746 -3 126 126 127
-0.477 0.853 -0.305 -27.77 56.43 1.0237983199829934 119.21404334429381 -3 126 126 127
-0.477 0.852 -0.305 -27.79 56.39 1.0229652975541252 119.2426826758893 -3 126 126 127
-0.477 0.848 -0.307 -27.87 56.22 1.0202362471506294 119.35775354279127 -3 126 126 127
-0.47 0.838 -0.312 -27.73 56.05 1.010192060946828 119.28628815580865 -3 126 126 127
-0.465 0.835 -0.315 -27.52 56.07 1.006317544316902 119.11283149723606 -3 126 126 127
-0.459 0.834 -0.319 -27.2 56.17 1.0039910358165554 118.82661475030619 -3 126 126 127
-0.459 0.837 -0.32 -27.12 56.24 1.0068018673006125 118.73979529168805 -3 126 126 127
-0.461 0.841 -0.321 -27.12 56.26 1.011357009171341 118.72965683841774 -3 126 126 127
-0.465 0.843 -0.323 -27.25 56.11 1.0154816591155154 118.88119125234265 -3 126 126 127
-0.467 0.846 -0.32 -27.31 56.21 1.0179415503848932 118.89911286889775 -3 126 126 127
-0.465 0.846 -0.323 -27.18 56.21 1.017973477061166 118.79519244192556 -3 126 126 127
-0.461 0.846 -0.324 -26.97 56.33 1.0164708554602044 118.58672881099639 -3 126 126 127
-0.457 0.844 -0.325 -26.81 56.4 1.0133163375767706 118.43418017544663 -3 126 126 127
-0.454 0.843 -0.324 -26.69 56.51 1.0108120497896727 118.30480866120465 -3 126 126 127
-0.451 0.846 -0.32 -26.5 56.83 1.010701241712901 118.06194040642616 -3 126 126 127
-0.453 0.849 -0.321 -26.52 56.82 1.0144215100243095 118.08299413902017 -3 126 126 127
-0.452 0.852 -0.318 -26.43 57.03 1.0155451737859817 117.94668523129909 -3 126 126 127
-0.45 0.852 -0.317 -26.34 57.14 1.014343630137243 117.84162606995781 -3 126 126 127
-0.449 0.849 -0.317 -26.36 57.08 1.0113807393855194 117.87245960908703 -3 126 126 127
-0.444 0.847 -0.317 -26.15 57.21 1.0074889577558654 117.66366626594177 -3 126 126 127
-0.441 0.842 -0.318 -26.1 57.15 1.0022818964742404 117.64343261401714 -3 126 126 127
-0.44 0.841 -0.319 -26.07 57.13 1.0013201286301998 117.6179653408759 -3 126 126 127
-0.443 0.836 -0.319 -26.34 56.86 0.9984518015407654 117.91930907901693 -3 126 126 127
-0.446 0.837 -0.318 -26.48 56.8 1.0003044536539862 118.05116493242872 -3 126 126 127
-0.448 0.839 -0.319 -26.52 56.75 1.0031879185875396 118.10083539269642 -3 126 126 127
-0.449 0.842 -0.323 -26.47 56.7 1.007419475690241 118.06895495586033 -3 126 126 127
-0.453 0.848 -0.32 -26.56 56.81 1.0132684738014897 118.11104870038321 -3 126 126 126
-0.461 0.844 -0.318 -27.07 56.43 1.0129072020673957 118.64374351754003 -3 126 126 126
-0.481 0.84 -0.305 -28.29 55.86 1.014882259180837 119.7962742171151 -3 126 125 125
-0.525 0.834 -0.285 -30.78 54.39 1.0258684126144053 122.19026730182142 -3 126 124 124
-0.55 0.833 -0.276 -32.08 53.55 1.0356471406806471 123.43535053992045 -3 126 123 123
-0.575 0.843 -0.273 -32.98 52.94 1.0563157671832792 124.29742053078931 -3 126 123 122
-0.589 0.844 -0.283 -33.49 52.25 1.0674015177054978 124.90992807681094 -3 125 123 122
-0.608 0.841 -0.279 -34.46 51.5 1.0746096965875565 125.86500533370565 -3 125 123 122
-0.626 0.828 -0.274 -35.67 50.47 1.0735622944198442 127.09068953756761 -3 125 123 122
-0.644 0.812 -0.276 -36.9 49.21 1.0724998834498771 128.418055344822 -3 125 123 122
-0.665 0.789 -0.269 -38.58 47.72 1.0663521932269846 130.12549704860973 -3 125 123 122
-0.731 0.743 -0.271 -42.75 43.62 1.0769637876920468 134.5335589111074 -3 126 123 123
-0.78 0.718 -0.286 -45.26 40.84 1.0980528220445498 137.37003472344136 -3 126 123 124
-0.827 0.679 -0.291 -48.23 37.76 1.1088962981271062 140.6126388492319 -3 126 123 125
-0.877 0.637 -0.297 -51.29 34.53 1.1238803317079626 144.00760334633247 -3 127 124 127
-0.934 0.601 -0.296 -54.35 31.53 1.149422898675679 147.23997707073866 -3 127 124 129
-0.945 0.558 -0.307 -56.02 29.32 1.139577992065484 149.43916073262847 -3 128 125 132
-0.938 0.529 -0.291 -57.23 28.31 1.115511541849747 150.57848467720302 -3 128 126 136
-0.805 0.513 -0.274 -54.15 31.1 0.9931112727182186 147.4919793166577 -3 128 128 141
-0.671 0.509 -0.272 -49.3 35.11 0.8850457615287473 142.8171624765217 -3 128 129 142
-0.531 0.504 -0.234 -43.7 40.98 0.7685915690404105 136.49433359126655 -3 128 130 142
-0.374 0.513 -0.206 -34.08 50.23 0.6674436305786429 126.09372631376505 -3 127 130 142
-0.209 0.531 -0.181 -20.43 62.49 0.5986676874527304 111.48444940967003 -3 126 131 142
-0.051 0.561 -0.146 -5.03 74.59 0.5819261121482693 95.19442890773482 -1 125 132 142
0.132 0.612 -0.107 11.99 74.48 0.6351511631100112 77.82854179141252 -3 124 131 142
0.493 0.702 -0.059 34.98 54.73 0.8598453349294859 54.92043021126609 -3 122 129 141
-0.291 0.961 -0.52 -14.91 58.2 1.1307528465584333 106.84681483650394 -1 123 129 123
-0.311 0.905 -0.555 -16.33 54.89 1.1062418361280684 108.96509953085314 -1 123 129 124
-0.341 0.891 -0.499 -18.46 55.85 1.0766443238135797 110.94265054998827 -1 122 129 124
-0.337 0.853 -0.495 -18.87 54.93 1.0422106313025212 111.55779658513049 -1 120 128 124
-0.381 0.863 -0.398 -21.85 57.44 1.0238818291189662 113.82065276352402 -1 120 128 124
-0.391 0.824 -0.373 -23.38 56.74 0.9853862186980291 115.38502053227529 -3 120 127 125
-0.392 0.824 -0.276 -24.28 59.81 0.9533184148016862 115.44174846300257 -3 119 127 125
-0.397 0.825 -0.276 -24.53 59.63 0.9562478758146341 115.69742372279997 -3 120 128 125
-0.393 0.792 -0.251 -25.32 59.51 0.919083238885358 116.39116467145114 -3 121 128 126
-0.397 0.82 -0.22 -25.06 61.03 0.9372347624794974 115.83377509609963 -3 122 128 126
-0.4 0.871 -0.207 -24.07 62.66 0.980555964746531 114.66658642725432 -3 122 129 126
-0.398 0.873 -0.19 -24.01 63.2 0.978076172902704 114.50820431215685 -3 122 129 127
-0.383 0.886 -0.172 -22.99 64.65 0.9804432670991218 113.37785845387302 -3 122 129 127
-0.376 0.913 -0.147 -22.13 66.15 0.9982755130724182 112.38329132251846 -3 122 128 128
-0.357 0.906 -0.135 -21.29 67.16 0.9831124045601296 111.5064109399924 -3 122 128 128
-0.301 0.913 -0.097 -18.15 70.9 0.9662189192931382 108.24647654379216 -3 122 127 129
-0.278 0.92 -0.09 -16.74 72.38 0.9652895938525392 106.81344735066841 -3 122 126 130
-0.244 0.93 -0.08 -14.65 74.56 0.9647984245426606 104.70109905847619 -3 123 126 130
-0.213 0.934 -0.066 -12.82 76.57 0.9602504881540025 102.84668184767429 -3 124 126 130
-0.183 0.928 -0.065 -11.13 78.18 0.9481023151538024 101.15549678464794 -3 124 126 130
-0.149 0.903 -0.054 -9.35 80.05 0.916802050608527 99.3696939403105 -3 124 126 130
-0.115 0.917 -0.031 -7.14 82.6 0.9247026549112963 97.14808537711963 -3 124 126 130
-0.116 0.914 0.013 -7.23 82.72 0.9214233554669645 97.2330050354075 3 124 125 129
-0.12 0.918 0.034 -7.44 82.26 0.9264340235548347 97.44741685019517 3 125 125 129
-0.119 0.903 0.019 -7.51 82.4 0.9110054884576712 97.50734666694966 3 126 126 128
-0.221 0.954 -0.078 -13 76.2 0.9823650034483109 103.04285662549641 -3 123 130 124
-0.202 0.936 -0.015 -12.18 77.79 0.9576664346211577 102.17833948236597 -3 125 131 125
-0.268 0.89 0.019 -16.75 73.2 0.9296692960402639 106.75828767920345 3 125 130 125
-0.306 0.872 0.021 -19.33 70.62 0.9243705966764629 109.33686126710016 3 125 131 124
-0.384 0.893 0.054 -23.23 66.53 0.9735609893581398 113.26824629665121 3 126 131 125
-0.348 0.834 0.06 -22.6 67.05 0.9056820634196087 112.64912734565607 3 128 126 129
-0.309 0.902 0.017 -18.91 71.06 0.9536110318153833 108.91002731745068 3 129 126 128
-0.261 0.948 0.006 -15.39 74.6 0.9832909030393803 105.39310666630365 3 129 125 129
-0.178 0.99 0.019 -10.19 79.75 1.0060541734916664 100.19276167938858 3 130 124 129
-0.102 1.031 -0.057 -5.64 83.53 1.037600115651497 95.65006169875963 -3 131 124 128
-0.068 1.042 -0.085 -3.72 84.04 1.047670272557163 93.73377757833114 -1 131 125 128
-0.067 1.031 -0.12 -3.69 82.41 1.0401201853632107 93.71816388425846 -1 131 126 126
-0.087 1.017 -0.193 -4.8 78.24 1.0388007508661128 94.88950480670304 -1 131 126 125
-0.118 1.015 -0.204 -6.5 76.93 1.0420004798463385 96.63121935619186 -1 130 127 124
-0.155 1.055 -0.206 -8.21 76.27 1.0860414356736117 98.35806844370002 -1 129 127 124
-0.205 1.161 -0.256 -9.78 74.23 1.2064335870656122 100.01361028290053 -1 128 127 124
-0.27 1.138 -0.256 -13.03 71.89 1.197280251236109 103.34711137262869 -3 128 127 124
-0.372 1.078 -0.247 -18.59 67.5 1.1668234656536525 109.03870895415761 -3 127 127 124
-0.414 0.98 -0.232 -22.35 64.16 1.0888617910460445 112.90157728431396 -3 128 126 125
-0.43 0.832 -0.184 -26.78 60.66 0.9544527227683935 117.33113819832143 -3 128 126 125
-0.428 0.835 -0.178 -26.63 60.96 0.9550356014306483 117.13853601437107 -3 127 125 125
-0.417 0.866 -0.166 -25.31 62.6 0.9753978675391904 115.7119430103877 -3 127 124 125
-0.396 0.854 -0.168 -24.46 63.27 0.9562196400409271 114.87716588823538 -3 126 124 125
-0.393 0.898 -0.199 -23.14 63.87 1.000226974241347 113.63607155380683 -3 125 124 125
-0.343 0.942 -0.248 -19.4 65.8 1.032723099383373 110.00752094837236 -3 124 126 126
-0.343 0.942 -0.248 -19.4 65.8 1.032723099383373 110.00752094837236 -3 124 126 126
-0.281 1.02 -0.304 -14.79 67.91 1.100807430934221 105.40235946032627 -1 124 128 126
-0.258 1.045 -0.314 -13.3 68.75 1.1212426142454628 103.86841043428471 -1 125 129 127
-0.446 1.25 0.121 -19.55 69.71 1.3326878854405484 109.63640010131327 3 127 129 129
-0.49 1.284 0.242 -20.56 66.94 1.3954640805122862 110.88785150915677 3 129 129 130
-0.469 1.264 0.243 -20.02 67.32 1.3699291952506158 110.3570850695153 3 130 129 130
-0.45 1.218 0.25 -19.9 67.09 1.3223176622884534 110.27716044768948 3 129 128 128
-0.255 0.992 -0.201 -14.14 71.88 1.0437863766116129 104.41612940636651 -3 128 127 126
-0.255 0.992 -0.201 -14.14 71.88 1.0437863766116129 104.41612940636651 -3 128 127 126
-0.289 0.883 -0.294 -17.25 64.97 0.9744978193921215 108.12292587885541 -1 126 125 124
-0.335 0.838 -0.288 -20.71 62.2 0.9473188481182035 111.78962023147436 -3 126 125 124
-0.365 0.811 -0.272 -23.11 60.7 0.9300161288923972 114.2306828098518 -3 126 126 124
-0.385 0.797 -0.253 -24.72 59.97 0.9205666733050899 115.78339879048012 -3 126 126 125
-0.389 0.786 -0.255 -25.21 59.38 0.9133137467486188 116.3313114048664 -3 126 127 126
-0.409 0.799 -0.235 -26.16 59.44 0.9278507423071881 117.1074464392762 -3 126 126 127
-0.421 0.798 -0.235 -26.84 58.86 0.9323465021117417 117.81473611322596 -3 127 126 127
-0.445 0.805 -0.232 -27.98 58.06 0.9486168878952135 118.93359946480335 -3 127 126 127
-0.469 0.83 -0.217 -28.66 58.09 0.9777269557499169 119.46906455659764 -3 127 126 126
-0.491 0.843 -0.203 -29.52 57.78 0.9964632456844558 120.21838935567717 -3 127 127 126
-0.492 0.86 -0.208 -29.08 58.15 1.0123872776758902 119.7735722206899 -3 127 127 126
-0.485 0.869 -0.219 -28.42 58.52 1.0189931304969628 119.16644424497447 -3 127 127 126
-0.479 0.87 -0.227 -28.05 58.65 1.0187590490395657 118.83606868928591 -3 127 127 126
-0.469 0.877 -0.236 -27.31 59.09 1.022147738832308 118.13687561228701 -3 127 127 126
-0.465 0.889 -0.238 -26.81 59.56 1.0311110512452089 117.61224929493027 -3 127 127 126
-0.454 0.901 -0.24 -25.96 60.32 1.0370713572363284 116.7428300642607 -3 127 127 126
-0.42 0.916 -0.262 -23.79 61.61 1.0412012293500235 114.63217939736215 -3 126 127 126
-0.41 0.915 -0.279 -23.2 61.54 1.0407526122955446 114.1365515667228 -3 126 127 126
-0.401 0.911 -0.294 -22.73 61.37 1.0378622259240384 113.7579246818022 -3 127 126 126
-0.396 0.903 -0.297 -22.62 61.27 1.029773761561247 113.67928693363717 -3 127 127 126
-0.4 0.898 -0.292 -22.96 61.12 1.0255086542784513 114.0098310662732 -3 127 127 126
-0.4 0.893 -0.294 -23.05 60.93 1.0217069051347358 114.1289595890926 -3 127 127 126
-0.4 0.889 -0.294 -23.13 60.82 1.018212649695534 114.22506544052335 -3 127 127 126
-0.401 0.876 -0.302 -23.4 60.18 1.0096439966641706 114.59653316425901 -3 126 126 127
-0.4 0.87 -0.313 -23.39 59.72 1.0074070676742346 114.69155816347806 -3 126 126 127
-0.401 0.868 -0.314 -23.48 59.6 1.0063900834169621 114.79606671089381 -3 126 126 127
-0.399 0.864 -0.317 -23.44 59.47 1.0030882314133687 114.78775522726156 -3 126 126 127
-0.396 0.871 -0.315 -23.15 59.85 1.0073142508671264 114.4489107339993 -3 126 126 126
-0.404 0.871 -0.308 -23.62 59.75 1.0083258401925441 114.88350519319273 -3 126 126 126
-0.408 0.867 -0.304 -23.95 59.59 1.005270610333357 115.20112364547509 -3 126 126 126
-0.409 0.864 -0.304 -24.06 59.47 1.0030917206317675 115.33192113318646 -3 126 126 126
-0.414 0.863 -0.29 -24.45 59.64 1.0001324912230378 115.62805421102784 -3 126 127 126
-0.432 0.885 -0.256 -25.12 60.43 1.0175386970528442 116.01865022598736 -3 126 128 127
-0.426 0.905 -0.254 -24.38 61.28 1.031996608521559 115.20722121151528 -3 126 128 127
-0.426 0.92 -0.245 -24.11 61.89 1.043024927794154 114.84618793054581 -3 126 128 127
-0.425 0.919 -0.257 -24.01 61.61 1.0446219411825506 114.81861531903468 -3 126 127 126
-0.407 0.91 -0.284 -23.12 61.39 1.0365350934724786 114.09671188333078 -3 126 127 126
-0.407 0.901 -0.297 -23.22 60.79 1.0323076091940813 114.30966054899847 -3 126 126 126
-0.409 0.881 -0.304 -23.69 59.95 1.017771094107118 114.90285799337146 -3 125 125 126
-0.408 0.869 -0.304 -23.9 59.65 1.006996027797528 115.15029855084985 -3 126 125 126
-0.401 0.862 -0.3 -23.72 59.84 0.9969177498670589 114.94771769607075 -3 126 125 126
-0.398 0.856 -0.289 -23.77 60.12 0.9872492086601032 114.93622623655227 -3 126 125 126
-0.396 0.857 -0.287 -23.66 60.29 0.986728939476288 114.80057333161214 -3 126 125 126
-0.399 0.856 -0.291 -23.81 60.02 0.988239849429277 114.9912381061441 -3 126 126 126
-0.393 0.856 -0.293 -23.48 60.2 0.9864248577565349 114.66043020401469 -3 126 126 126
-0.398 0.858 -0.304 -23.62 59.73 0.993470684016393 114.8851456225096 -3 126 126 126
-0.4 0.86 -0.31 -23.63 59.53 0.9978476837674174 114.9439052634246 -3 126 127 126
-0.407 0.857 -0.311 -24.06 59.13 0.9984082331391302 115.4036268196274 -3 127 127 127
-0.412 0.86 -0.307 -24.28 59.14 1.0017948891864041 115.59767216178189 -3 127 127 127
-0.406 0.865 -0.296 -23.95 59.85 1.0003384427282598 115.14367788790484 -3 126 127 126
-0.407 0.867 -0.285 -24.03 60.18 0.9992812416932482 115.14699594544962 -3 126 127 126
-0.426 0.854 -0.286 -25.31 59 0.9962871072135783 116.51135318013543 -3 126 126 126
-0.44 0.84 -0.282 -26.41 58.11 0.9893048064171122 117.64597536373869 -3 126 126 126
-0.46 0.823 -0.279 -27.89 56.83 0.9832446287674294 119.20216681884803 -3 126 125 126
-0.471 0.81 -0.286 -28.74 55.77 0.9796616762944236 120.177208203409 -3 126 125 126
-0.479 0.803 -0.29 -29.29 55.11 0.9789535229008577 120.81662902838627 -3 126 125 126
-0.484 0.809 -0.274 -29.54 55.49 0.9817397822233752 120.89079487302325 -3 126 126 126
-0.489 0.821 -0.269 -29.51 55.79 0.9927351106916689 120.77866671805369 -3 127 126 126
-0.504 0.843 -0.251 -29.81 56.26 1.013738625090314 120.87371609360285 -3 127 127 127
-0.51 0.851 -0.246 -29.93 56.36 1.0221629028682269 120.93404394380548 -3 127 127 127
-0.508 0.861 -0.255 -29.5 56.57 1.031702476492133 120.5410984724287 -3 127 127 127
-0.504 0.865 -0.26 -29.16 56.75 1.0343311848726209 120.22759977334195 -3 127 127 127
-0.501 0.87 -0.271 -28.8 56.79 1.039875954140685 119.93600809565929 -3 127 127 127
-0.49 0.884 -0.291 -27.77 57.19 1.0517780184050245 118.99954378591578 -3 127 127 127
-0.484 0.88 -0.302 -27.48 57.05 1.048742103665148 118.81079374297306 -3 127 127 127
-0.48 0.879 -0.31 -27.25 56.97 1.0483992560088928 118.63785425126144 -3 126 127 127
-0.477 0.875 -0.316 -27.15 56.82 1.0454711856383225 118.59669436323182 -3 126 127 127
-0.466 0.868 -0.323 -26.71 56.85 1.0367781826408193 118.22985493383145 -3 126 127 127
-0.462 0.864 -0.32 -26.63 56.96 1.0306987920823425 118.13440598182697 -3 126 127 127
-0.466 0.853 -0.32 -27.09 56.47 1.0233108032264684 118.64809544642176 -3 126 127 127
-0.463 0.838 -0.312 -27.37 56.33 1.0069543187255319 118.92091225194606 -3 126 126 126
-0.468 0.83 -0.307 -27.87 56.01 1.0010859103993024 119.41671327679559 -3 126 126 126
-0.463 0.82 -0.316 -27.78 55.64 0.9932899878685982 119.45055625138374 -3 126 126 126
-0.456 0.819 -0.313 -27.48 55.97 0.98826413473322 119.10803502500582 -3 126 126 126
-0.456 0.815 -0.318 -27.53 55.7 0.9865520766791787 119.22741455851124 -3 126 126 126
-0.455 0.817 -0.32 -27.41 55.75 0.9883895992977668 119.11411361186295 -3 126 126 126
-0.454 0.822 -0.321 -27.22 55.92 0.992391555788339 118.91237241892688 -3 126 126 126
-0.458 0.829 -0.318 -27.29 56.08 0.9990640620100395 118.91945893602811 -3 126 126 126
-0.464 0.845 -0.318 -27.2 56.35 1.0151083685991362 118.77173554630122 -3 126 126 127
-0.466 0.849 -0.313 -27.25 56.53 1.0178044998918014 118.76154830993758 -3 126 126 127
-0.47 0.851 -0.31 -27.43 56.51 1.0203925715135327 118.91149374748886 -3 126 126 127
-0.472 0.854 -0.307 -27.48 56.6 1.0229120196771568 118.92913076299746 -3 126 126 127
-0.477 0.853 -0.305 -27.77 56.43 1.0237983199829934 119.21404334429381 -3 126 126 127
-0.477 0.852 -0.305 -27.79 56.39 1.0229652975541252 119.2426826758893 -3 126 126 127
-0.477 0.848 -0.307 -27.87 56.22 1.0202362471506294 119.35775354279127 -3 126 126 127
-0.47 0.838 -0.312 -27.73 56.05 1.010192060946828 119.28628815580865 -3 126 126 127
-0.465 0.835 -0.315 -27.52 56.07 1.006317544316902 119.11283149723606 -3 126 126 127
-0.459 0.834 -0.319 -27.2 56.17 1.0039910358165554 118.82661475030619 -3 126 126 127
-0.459 0.837 -0.32 -27.12 56.24 1.0068018673006125 118.73979529168805 -3 126 126 127
-0.461 0.841 -0.321 -27.12 56.26 1.011357009171341 118.72965683841774 -3 126 126 127
-0.465 0.843 -0.323 -27.25 56.11 1.0154816591155154 118.88119125234265 -3 126 126 127
-0.467 0.846 -0.32 -27.31 56.21 1.0179415503848932 118.89911286889775 -3 126 126 127
-0.465 0.846 -0.323 -27.18 56.21 1.017973477061166 118.79519244192556 -3 126 126 127
-0.461 0.846 -0.324 -26.97 56.33 1.0164708554602044 118.58672881099639 -3 126 126 127
-0.457 0.844 -0.325 -26.81 56.4 1.0133163375767706 118.43418017544663 -3 126 126 127
-0.454 0.843 -0.324 -26.69 56.51 1.0108120497896727 118.30480866120465 -3 126 126 127
-0.451 0.846 -0.32 -26.5 56.83 1.010701241712901 118.06194040642616 -3 126 126 127
-0.453 0.849 -0.321 -26.52 56.82 1.0144215100243095 118.08299413902017 -3 126 126 127
-0.452 0.852 -0.318 -26.43 57.03 1.0155451737859817 117.94668523129909 -3 126 126 127
-0.45 0.852 -0.317 -26.34 57.14 1.014343630137243 117.84162606995781 -3 126 126 127
-0.449 0.849 -0.317 -26.36 57.08 1.0113807393855194 117.87245960908703 -3 126 126 127
-0.444 0.847 -0.317 -26.15 57.21 1.0074889577558654 117.66366626594177 -3 126 126 127
-0.441 0.842 -0.318 -26.1 57.15 1.0022818964742404 117.64343261401714 -3 126 126 127
-0.44 0.841 -0.319 -26.07 57.13 1.0013201286301998 117.6179653408759 -3 126 126 127
-0.443 0.836 -0.319 -26.34 56.86 0.9984518015407654 117.91930907901693 -3 126 126 127
-0.446 0.837 -0.318 -26.48 56.8 1.0003044536539862 118.05116493242872 -3 126 126 127
-0.448 0.839 -0.319 -26.52 56.75 1.0031879185875396 118.10083539269642 -3 126 126 127
-0.449 0.842 -0.323 -26.47 56.7 1.007419475690241 118.06895495586033 -3 126 126 127
-0.453 0.848 -0.32 -26.56 56.81 1.0132684738014897 118.11104870038321 -3 126 126 126
-0.461 0.844 -0.318 -27.07 56.43 1.0129072020673957 118.64374351754003 -3 126 126 126
-0.481 0.84 -0.305 -28.29 55.86 1.014882259180837 119.7962742171151 -3 126 125 125
-0.525 0.834 -0.285 -30.78 54.39 1.0258684126144053 122.19026730182142 -3 126 124 124
-0.55 0.833 -0.276 -32.08 53.55 1.0356471406806471 123.43535053992045 -3 126 123 123
-0.575 0.843 -0.273 -32.98 52.94 1.0563157671832792 124.29742053078931 -3 126 123 122
-0.589 0.844 -0.283 -33.49 52.25 1.0674015177054978 124.90992807681094 -3 125 123 122
-0.608 0.841 -0.279 -34.46 51.5 1.0746096965875565 125.86500533370565 -3 125 123 122
-0.626 0.828 -0.274 -35.67 50.47 1.0735622944198442 127.09068953756761 -3 125 123 122
-0.644 0.812 -0.276 -36.9 49.21 1.0724998834498771 128.418055344822 -3 125 123 122
-0.665 0.789 -0.269 -38.58 47.72 1.0663521932269846 130.12549704860973 -3 125 123 122
-0.731 0.743 -0.271 -42.75 43.62 1.0769637876920468 134.5335589111074 -3 126 123 123
-0.78 0.718 -0.286 -45.26 40.84 1.0980528220445498 137.37003472344136 -3 126 123 124
-0.827 0.679 -0.291 -48.23 37.76 1.1088962981271062 140.6126388492319 -3 126 123 125
-0.877 0.637 -0.297 -51.29 34.53 1.1238803317079626 144.00760334633247 -3 127 124 127
-0.934 0.601 -0.296 -54.35 31.53 1.149422898675679 147.23997707073866 -3 127 124 129
-0.945 0.558 -0.307 -56.02 29.32 1.139577992065484 149.43916073262847 -3 128 125 132
-0.938 0.529 -0.291 -57.23 28.31 1.115511541849747 150.57848467720302 -3 128 126 136
-0.805 0.513 -0.274 -54.15 31.1 0.9931112727182186 147.4919793166577 -3 128 128 141
-0.671 0.509 -0.272 -49.3 35.11 0.8850457615287473 142.8171624765217 -3 128 129 142
-0.531 0.504 -0.234 -43.7 40.98 0.7685915690404105 136.49433359126655 -3 128 130 142
-0.374 0.513 -0.206 -34.08 50.23 0.6674436305786429 126.09372631376505 -3 127 130 142
-0.209 0.531 -0.181 -20.43 62.49 0.5986676874527304 111.48444940967003 -3 126 131 142
-0.051 0.561 -0.146 -5.03 74.59 0.5819261121482693 95.19442890773482 -1 125 132 142
0.132 0.612 -0.107 11.99 74.48 0.6351511631100112 77.82854179141252 -3 124 131 142
0.493 0.702 -0.059 34.98 54.73 0.8598453349294859 54.92043021126609 -3 122 129 141
0.493 0.702 -0.059 34.98 54.73 0.8598453349294859 54.92043021126609 -3 122 129 141
0.807 0.717 -0.02 48.37 41.61 1.0796934750196465 41.62031621667732 -3 122 126 139
0.896 0.709 0.002 51.65 38.35 1.1425852265804946 38.3543798458162 3 122 125 137
0.964 0.718 0.002 53.32 36.68 1.2020083194387632 36.67923019821178 3 123 125 135
1.022 0.769 0.005 53.04 36.96 1.2790113369317724 36.95949222412829 3 124 126 133
1.061 0.837 0.011 51.73 38.27 1.3514477422379305 38.26914621714618 3 125 126 130
1.113 0.894 0.048 51.19 38.75 1.428393853249166 38.77263209155148 3 126 127 128
1.179 0.985 0.097 49.99 39.78 1.5393748731222034 39.87719674815308 3 128 128 124
1.165 1.014 0.117 48.78 40.89 1.5489060655830618 41.03586347209641 3 130 128 121
1.113 0.996 0.123 47.96 41.65 1.4986373810899019 41.824683846841396 3 131 127 119
1.016 0.973 0.12 46.02 43.56 1.4118728696309735 43.761520966215144 3 131 127 117
0.893 0.94 0.099 43.37 46.29 1.3003268819800657 46.46880071438582 3 131 126 114
0.771 0.896 0.059 40.65 49.21 1.1835277774518012 49.28829886935278 3 131 125 112
0.63 0.826 0.01 37.33 52.66 1.0388820914810304 52.66680426181418 3 131 125 111
0.428 0.738 -0.073 29.99 59.53 0.8562458759024769 59.888590655777854 -3 131 124 111
0.314 0.692 -0.109 24.14 64.34 0.7676854824731284 65.59348527928157 -3 131 123 111
0.146 0.581 -0.123 13.81 71.81 0.611560299561703 75.89416655069012 -3 130 122 111
-0.079 0.411 -0.128 -10.4 69.9 0.4376596851436056 100.88035642210235 -1 129 121 111
-0.38 0.255 -0.114 -53.68 32.73 0.47161530933590357 146.13630943118173 -3 127 120 111
-0.659 0.081 -0.157 -74.99 6.82 0.6822690085296268 172.99272187032497 2 126 120 111
-0.919 -0.062 -0.17 -78.86 -3.8 0.9366456106767383 -176.14040964306452 -2 124 120 112
-1.195 -0.133 -0.208 -78.33 -6.26 1.220236862252571 -173.64928368045514 -2 124 124 115
-1.238 -0.077 -0.244 -78.32 -3.49 1.2641633596968391 -176.44095376514073 -2 125 125 117
-1.358 0.112 -0.231 -79.29 4.65 1.382052459206958 175.28524548129505 2 126 126 121
