-0.13 0.981 -0.029 -7.55 82.27 0.9900010101004948 97.54873023289932 -3 127 126 127
-0.125 0.994 -0.037 -7.16 82.53 1.0025118453165527 97.16757851478566 -3 127 126 127
-0.125 1.001 -0.039 -7.11 82.55 1.0095281075829439 97.11797149715899 -3 127 126 127
-0.126 1.012 -0.044 -7.09 82.49 1.0207624601247833 97.09714197527359 -3 127 126 127
-0.117 1.015 -0.042 -6.57 83.02 1.0225839818811948 96.57551679766266 -3 126 126 127
-0.125 1.009 -0.039 -7.06 82.61 1.0174610557657722 97.062107747169 -3 126 126 126
-0.135 1.005 -0.04 -7.64 82.02 1.0148152541226407 97.65065095535942 -3 126 126 126
-0.136 0.999 -0.041 -7.75 81.91 1.0090480662485806 97.75236878386795 -3 126 126 126
-0.152 0.983 -0.047 -8.78 80.81 0.9957921469865084 98.78995632229311 -3 126 126 126
-0.15 0.979 -0.05 -8.7 80.83 0.9916859381880938 98.71097640407027 -3 126 126 126
-0.147 0.976 -0.052 -8.55 80.92 0.9883769523820353 98.56521024054422 -3 126 126 126
-0.155 0.979 -0.053 -8.98 80.5 0.9926101953939421 98.99666764128918 -3 126 126 126
-0.161 0.982 -0.055 -9.3 80.17 0.9966293192556599 99.31087163192954 -3 126 126 126
-0.165 0.983 -0.054 -9.51 79.98 0.9982134040374333 99.52847267452513 -3 126 127 126
-0.167 0.986 -0.05 -9.6 79.97 1.0012916657997308 99.61302586709472 -3 127 127 127
-0.161 0.991 -0.055 -9.21 80.26 1.0054983838873137 99.22777390501021 -3 127 127 127
-0.162 0.996 -0.055 -9.22 80.25 1.0105864633963786 99.23829293129312 -3 127 127 127
-0.164 1.007 -0.06 -9.23 80.16 1.0220298430085102 99.24997981429998 -3 127 127 127
-0.167 1.011 -0.06 -9.36 80.04 1.0264550647739041 99.37959131483683 -3 127 127 127
-0.172 1.013 -0.064 -9.62 79.73 1.0294896794043153 99.63650084118363 -3 127 127 127
-0.176 1.01 -0.069 -9.86 79.4 1.0275392936525591 99.8849582015048 -3 127 127 126
-0.175 1.004 -0.075 -9.86 79.26 1.021893340814001 99.88748069859133 -3 127 127 126
-0.171 0.992 -0.086 -9.74 79.08 1.0102974809431131 99.78047286647997 -3 127 127 126
-0.167 0.989 -0.086 -9.55 79.25 1.0066806842291154 99.58440776881883 -3 127 126 126
-0.164 0.988 -0.091 -9.39 79.25 1.0056445694180425 99.42470187232027 -3 127 126 126
-0.158 0.986 -0.095 -9.06 79.41 1.0030877329526067 99.10387452665353 -3 127 126 126
-0.155 0.985 -0.097 -8.9 79.48 1.0018278295196237 98.94275394840973 -3 127 126 126
-0.148 0.985 -0.099 -8.5 79.75 1.0009645348362748 98.54498715937636 -3 127 126 127
-0.147 0.99 -0.096 -8.41 79.94 1.0054476614921335 98.4458452934245 -3 127 126 127
-0.154 0.998 -0.097 -8.73 79.66 1.014459954852827 98.77204501016054 -3 127 126 127
-0.156 1.002 -0.102 -8.8 79.46 1.0191879120162288 98.84925847070106 -3 127 126 127
-0.159 0.995 -0.111 -9.02 78.97 1.0137193891802603 99.07904729854577 -3 127 126 127
-0.163 0.99 -0.12 -9.28 78.44 1.0104795891060838 99.34966474970861 -3 127 126 126
-0.162 0.979 -0.126 -9.32 78.16 1.0002804606709061 99.39587584010172 -3 127 126 126
-0.158 0.972 -0.138 -9.14 77.82 0.9943802089744144 99.2327577088574 -3 127 126 126
-0.148 0.952 -0.185 -8.68 76.03 0.9810366965613467 98.83659113240844 -1 126 127 126
-0.152 0.956 -0.186 -8.87 75.9 0.9857159834353909 99.03416878189817 -1 126 127 126
-0.158 0.957 -0.142 -9.28 77.48 0.9802943435519762 99.37492193418653 -3 126 127 126
-0.168 0.966 -0.123 -9.79 77.84 0.9881846993350989 99.86580694308438 -3 126 127 126
-0.186 0.989 -0.076 -10.62 78.52 1.0092041418860704 100.65113262713416 -3 126 127 126
-0.188 0.994 -0.076 -10.68 78.47 1.0144732623386385 100.71011489660528 -3 126 127 126
-0.184 1 -0.119 -10.35 77.64 1.023727014393974 100.42580852588479 -3 127 127 126
-0.189 1.005 -0.116 -10.58 77.56 1.0291753980736227 100.65063154607627 -3 126 127 126
-0.193 1.006 -0.121 -10.78 77.24 1.0314678860730468 100.86017587626233 -3 126 127 126
-0.185 1.01 -0.126 -10.3 77.5 1.03450519573369 100.37971024956776 -3 126 127 126
-0.18 1.002 -0.134 -10.1 77.38 1.0268203348200697 100.1840331960241 -3 126 127 126
-0.171 0.995 -0.141 -9.66 77.44 1.0193855992704626 99.75155101081826 -3 126 127 126
-0.165 0.991 -0.147 -9.35 77.43 1.0153398445840682 99.4529463646282 -3 127 127 126
-0.171 0.987 -0.146 -9.73 77.17 1.0122875085666125 99.82905532560193 -3 127 127 126
-0.174 0.984 -0.142 -9.93 77.14 1.009304711174975 100.02790876742482 -3 127 127 126
-0.183 0.98 -0.142 -10.47 76.7 1.00700198609536 100.57728980515546 -3 127 126 126
-0.187 0.98 -0.139 -10.7 76.63 1.0073182218147352 100.80310274575984 -3 127 127 126
-0.187 0.98 -0.139 -10.7 76.63 1.0073182218147352 100.80310274575984 -3 127 127 126
-0.195 0.97 -0.138 -11.26 76.16 0.9989839838555971 101.3667171724877 -3 126 127 126
-0.197 0.971 -0.144 -11.35 75.89 1.001192289223204 101.46870897043003 -3 126 127 126
-0.234 1.003 -0.179 -12.93 73.63 1.0453736174210633 103.13221646362358 -3 126 127 127
-0.242 1.01 -0.189 -13.25 73.09 1.0556443529901536 103.47427579565073 -3 126 127 127
-0.25 1.01 -0.184 -13.69 72.92 1.0566248151543671 103.90268711422057 -3 126 127 127
-0.247 1.011 -0.193 -13.49 72.77 1.058479569949274 103.72913782617134 -3 126 126 127
-0.241 0.999 -0.175 -13.37 73.4 1.0424523969947022 103.56295891002443 -3 126 126 127
-0.208 0.97 -0.146 -11.97 75.32 1.002736256450319 102.10282463250837 -3 126 126 127
-0.21 0.972 -0.138 -12.07 75.51 1.0039561743422867 102.19133647060237 -3 126 126 127
-0.204 0.976 -0.145 -11.68 75.62 1.0075797735167176 101.80579230058906 -3 126 126 127
-0.219 0.986 -0.193 -12.3 73.51 1.0283024846804563 102.5226548118907 -3 126 126 127
-0.235 0.99 -0.232 -13.01 71.55 1.043623016227603 103.35337020724101 -3 127 126 127
-0.26 0.991 -0.302 -14.09 68.09 1.068122184022034 104.70086640179387 -1 127 126 127
-0.304 0.999 -0.381 -15.87 63.99 1.111565562618778 106.92523081839988 -1 127 126 127
-0.376 0.999 -0.483 -18.72 58.5 1.171608296317502 110.62515193767761 -1 127 125 127
-0.43 1.001 -0.577 -20.41 54.29 1.2328138545619933 113.24692971594202 -1 128 126 127
-0.489 0.984 -0.671 -22.32 49.84 1.2874851455453769 116.4251350217144 -1 128 127 127
-0.441 0.982 -0.685 -20.22 50.32 1.2759427886860757 114.1840618145697 -1 128 127 127
-0.314 0.986 -0.691 -14.62 52.41 1.2442961866051023 107.66451411820768 -1 128 127 127
-0.169 0.955 -0.65 -8.32 54.88 1.1675127408298378 100.03535802394872 -1 128 127 127
-0.015 0.889 -0.562 -0.82 57.69 1.0518507498690106 90.96665370941928 -1 128 127 128
0.149 0.723 -0.263 10.96 67.31 0.7836446898945976 78.35518633690621 1 125 125 128
0.173 0.657 -0.03 14.74 75.04 0.6800573505227335 75.24785224008242 -3 122 124 128
0.117 0.72 0.214 8.85 71.29 0.7601874768765925 80.77011375627228 1 120 123 128
0.058 0.853 0.406 3.51 64.32 0.9464718696295205 86.11014303828921 1 119 123 128
