0.034 0.811 -0.714 1.8 48.61 1.081051802644073 87.59936323747016 1 127 126 127
0.015 0.81 -0.644 0.83 51.51 1.0349207699142964 88.93908830973577 1 126 126 127
0.079 0.913 -0.626 4.08 55.35 1.1098134978454715 85.05463238643871 1 120 127 130
0.063 0.888 -0.621 3.33 54.9 1.085428026172164 85.94189619726846 1 121 126 129
0.027 0.817 -0.697 1.44 49.51 1.0742564870644253 88.10719310418058 1 127 126 127
0.028 0.81 -0.628 1.56 52.19 1.0253136105602034 88.02019348470651 1 126 126 127
0.051 0.867 -0.631 2.72 53.86 1.0735227058614083 86.63353933657021 1 123 126 129
0.058 0.923 -0.616 2.99 56.16 1.1111926025671697 86.40434288881592 1 119 127 129
0.03 0.793 -0.695 1.63 48.74 1.0548810359467082 87.8334753095269 1 127 126 127
0.078 0.943 -0.627 3.94 56.18 1.1351044004848188 85.2715584502368 1 119 127 130
0.071 0.927 -0.565 3.74 58.44 1.0879315235804137 85.62020102264299 1 123 127 129
0.064 0.912 -0.577 3.39 57.52 1.0810962029347806 85.98582430458899 1 120 127 129
0.097 0.924 -0.458 5.37 63.13 1.0358325154193606 84.00713369827946 1 125 126 128
0.113 0.924 -0.453 6.27 63.19 1.0352555240132748 83.02767024372271 1 125 126 128
0.077 0.914 -0.477 4.27 62.14 1.0338539548698356 85.1844834664875 1 125 126 128
0.111 0.914 -0.437 6.25 63.74 1.0191594575923828 83.07566857300961 1 125 126 128
0.145 0.899 -0.429 8.28 63.26 1.0066116430878396 80.8376529542783 1 126 126 127
0.134 0.904 -0.429 7.63 63.56 1.0095607955938068 81.56843702571382 1 125 126 127
0.165 0.907 -0.438 9.3 62.7 1.0206458739445332 79.68959461211752 1 126 126 127
0.125 0.902 -0.433 7.12 63.45 1.0083243525770862 82.11014876870652 1 125 126 128
0.193 0.903 -0.452 10.82 61.44 1.0280865722301795 77.93557878405093 1 127 127 127
0.151 0.902 -0.432 8.59 63.1 1.0114489606500172 80.49648004281829 1 126 126 127
0.166 0.912 -0.441 9.31 62.68 1.0265383577830884 79.68409683906842 1 126 126 127
0.19 0.9 -0.445 10.72 61.74 1.021824348897598 78.07926146007769 1 127 127 126
0.19 0.904 -0.447 10.67 61.75 1.0262187875886897 78.13050870124263 1 127 127 126
0.193 0.909 -0.452 10.76 61.6 1.0333605372763177 78.01290115689143 1 127 127 127
0.165 0.908 -0.431 9.32 63.06 1.018552895042766 79.70070652399747 1 127 127 126
0.157 0.916 -0.435 8.8 63.21 1.0261237742104994 80.27415757912065 1 127 126 126
0.158 0.914 -0.434 8.88 63.19 1.024068357093412 80.19240432114323 1 127 126 126
0.138 0.921 -0.452 7.66 62.84 1.0351758304751904 81.47836082825329 1 126 126 126
0.147 0.915 -0.44 8.24 63.11 1.0258820594980693 80.87309363811688 1 127 126 126
0.136 0.917 -0.453 7.57 62.72 1.0317916456339429 81.56397343134535 1 126 126 126
0.134 0.916 -0.455 7.46 62.62 1.0315216914830245 81.67733693648981 1 126 126 126
0.167 0.915 -0.43 9.38 63.25 1.0247019078736996 79.65658536160095 1 127 127 126
0.132 0.924 -0.453 7.31 62.95 1.0375013253003584 81.86989764584403 1 126 126 126
0.133 0.92 -0.452 7.39 62.88 1.0336309786379276 81.77401251176939 1 126 126 126
0.132 0.92 -0.457 7.32 62.66 1.0356992806794838 81.83502499067781 1 126 126 126
0.13 0.925 -0.453 7.19 63 1.038139682316402 82.00001652778103 1 126 126 126
0.128 0.93 -0.453 7.05 63.15 1.0423497493643867 82.16336547770148 1 126 126 127
0.128 0.936 -0.449 7.03 63.49 1.0459832694646698 82.21298204536755 1 126 126 127
0.135 0.953 -0.443 7.32 64.08 1.05956736454083 81.93724499009987 1 126 127 127
0.128 0.945 -0.449 6.98 63.71 1.0540445910871135 82.28624701258273 1 126 126 127
0.129 0.952 -0.446 7 64 1.059179399346494 82.28318257219134 1 126 127 127
0.129 0.94 -0.449 7.06 63.57 1.0496866199013875 82.18587951343632 1 126 126 127
0.142 0.952 -0.443 7.7 63.96 1.0595834087036282 81.51632841377338 1 126 127 127
0.139 0.953 -0.444 7.53 63.98 1.0605027109819192 81.70162858626682 1 126 127 127
0.144 0.943 -0.447 7.86 63.53 1.0534676074754268 81.31776860381042 1 126 126 127
0.146 0.939 -0.448 7.99 63.35 1.0505907861769965 81.16215723402382 1 126 126 127
0.144 0.947 -0.448 7.83 63.58 1.057472931095638 81.35388582603501 1 126 126 127
0.143 0.935 -0.446 7.86 63.39 1.0457485357388745 81.30449712257523 1 126 126 127
0.143 0.932 -0.443 7.89 63.46 1.04178788628012 81.27693714738223 1 126 126 127
0.142 0.928 -0.444 7.86 63.33 1.038500842561045 81.30023858534503 1 126 126 127
0.142 0.923 -0.439 7.91 63.44 1.0318982507980137 81.2538377374448 1 126 126 127
0.143 0.925 -0.439 7.95 63.47 1.0338254204651771 81.21195146307598 1 126 126 127
0.142 0.926 -0.44 7.89 63.47 1.0350072463514448 81.2817369948631 1 126 126 127
0.143 0.926 -0.44 7.94 63.45 1.035144917390797 81.22129388695305 1 126 126 127
0.14 0.926 -0.443 7.77 63.36 1.036013996044455 81.40268177218574 1 126 126 127
0.143 0.929 -0.441 7.92 63.48 1.0382538225308877 81.24920328145612 1 126 126 127
0.145 0.926 -0.445 8.03 63.19 1.0375577092383825 81.10046685750406 1 126 126 127
0.142 0.924 -0.44 7.9 63.42 1.033218273164001 81.26315715498022 1 126 126 127
0.144 0.927 -0.442 7.98 63.37 1.0370289292011097 81.17025533209095 1 126 126 127
0.146 0.925 -0.449 8.08 62.96 1.0385287670546253 81.03055418671657 1 126 126 127
0.142 0.923 -0.451 7.87 62.88 1.037060268258311 81.2538377374448 1 126 126 127
0.147 0.927 -0.443 8.14 63.27 1.0378761968558678 80.98929045318236 1 126 126 127
0.144 0.924 -0.45 7.98 62.92 1.0377918866516542 81.14204123637165 1 126 126 127
0.144 0.924 -0.45 7.98 62.92 1.0377918866516542 81.14204123637165 1 126 126 127
0.144 0.924 -0.447 7.99 63.06 1.036494573068282 81.14204123637165 1 126 126 127
0.148 0.927 -0.448 8.18 63.03 1.0401620066124315 80.92900890485166 1 126 126 127
0.149 0.935 -0.441 8.2 63.53 1.0444649347871857 80.94557625929197 1 126 126 127
0.151 0.933 -0.443 8.32 63.36 1.0438098485835434 80.80676366310662 1 126 126 127
0.139 0.935 -0.439 7.66 63.78 1.0422413348164619 81.54416213348858 1 126 126 127
0.151 0.937 -0.439 8.3 63.64 1.045701200152319 80.84534314677128 1 126 126 127
0.145 0.936 -0.439 7.98 63.71 1.0439549798722165 81.19404925909232 1 126 126 127
0.134 0.928 -0.445 7.42 63.4 1.0378655982351472 81.78347873775249 1 126 126 127
0.132 0.926 -0.448 7.31 63.24 1.0371133014285372 81.8872232514584 1 126 126 127
0.139 0.928 -0.447 7.69 63.23 1.0393815468825682 81.48131127863586 1 126 126 127
0.145 0.93 -0.442 8.02 63.43 1.039850470019608 81.13813559360244 1 126 126 127
0.135 0.926 -0.447 7.48 63.24 1.037067982342527 81.70537946254152 1 126 126 127
0.154 0.937 -0.44 8.46 63.55 1.0465586462305876 80.66663275665131 1 126 126 127
0.146 0.931 -0.441 8.07 63.48 1.0404604749821111 81.0874285189968 1 126 126 127
0.15 0.933 -0.44 8.27 63.52 1.0423957981496281 80.86661654473053 1 126 126 127
0.156 0.936 -0.439 8.58 63.54 1.045539573617374 80.53767779197439 1 126 126 127
0.155 0.937 -0.436 8.53 63.72 1.0450311000156887 80.60710314428616 1 126 126 127
0.156 0.933 -0.436 8.61 63.6 1.0415954108961887 80.5078051254877 1 126 126 127
0.154 0.93 -0.435 8.53 63.61 1.0381912155282378 80.59763149821934 1 126 126 127
0.15 0.927 -0.435 8.33 63.6 1.0349173880073712 80.80850666545396 1 126 126 127
0.148 0.926 -0.434 8.23 63.66 1.033313118081833 80.91937614614271 1 126 126 127
0.147 0.925 -0.433 8.19 63.69 1.0318541563612564 80.97012850898952 1 126 126 127
0.154 0.935 -0.44 8.48 63.5 1.0447683953872264 80.64702074990674 1 126 126 127
0.15 0.926 -0.435 8.34 63.58 1.0340217599257764 80.79875033972887 1 126 126 127
0.147 0.928 -0.432 8.17 63.82 1.0341262011959662 80.99884121153019 1 126 126 127
0.146 0.93 -0.431 8.11 63.93 1.0353632212899972 81.07799919875708 1 126 126 127
0.144 0.928 -0.428 8.02 64.05 1.0320387589620847 81.17962044797895 1 126 126 127
0.148 0.928 -0.43 8.23 63.89 1.0334350487572985 80.93862141878155 1 126 126 127
0.149 0.932 -0.429 8.26 64.02 1.0367574451143335 80.91691622186417 1 126 126 127
0.15 0.936 -0.427 8.3 64.2 1.039675430122305 80.89539913459782 1 126 126 127
0.149 0.935 -0.431 8.23 64 1.040282173258775 80.94557625929197 1 126 126 127
0.151 0.936 -0.43 8.34 64.04 1.041055714167114 80.83572840422987 1 126 126 127
0.15 0.935 -0.432 8.29 63.94 1.040840525729086 80.88582494520878 1 126 126 127
0.151 0.933 -0.431 8.36 63.92 1.0387737963579944 80.80676366310662 1 126 126 127
