-0.451 0.79 -0.478 -26.03 50.24 1.027611307839691 119.72144424636245 -1 126 126 127
-0.45 0.789 -0.479 -25.99 50.21 1.0268700015094414 119.69793679330277 -1 126 126 127
-0.452 0.79 -0.477 -26.1 50.25 1.02758600613282 119.7761136620761 -1 126 126 126
-0.455 0.787 -0.476 -26.32 50.08 1.0261432648514535 120.03413301370014 -1 126 126 126
-0.456 0.784 -0.472 -26.49 50.07 1.0224363060846382 120.18368065722237 -1 126 126 126
-0.46 0.782 -0.466 -26.81 50.06 1.0199411747743103 120.46554491945989 -1 126 126 126
-0.458 0.781 -0.463 -26.77 50.18 1.0169041252743547 120.38853882211218 -1 126 126 126
-0.458 0.779 -0.462 -26.83 50.13 1.0149132967894352 120.45268607896139 -1 126 126 126
-0.459 0.777 -0.461 -26.93 50.06 1.0133760407667038 120.57177327821431 -1 126 126 127
-0.45 0.772 -0.463 -26.56 50.09 1.0064059816992346 120.23797549846397 -1 126 126 127
-0.449 0.768 -0.461 -26.62 50.04 1.0019710574662324 120.31206861737628 -1 126 126 127
-0.448 0.77 -0.46 -26.54 50.18 1.0025986235777506 120.19162296095763 -1 126 126 127
-0.447 0.769 -0.461 -26.5 50.14 1.0018438002004104 120.16833981361823 -1 126 126 127
-0.442 0.769 -0.462 -26.23 50.26 1.0000844964301765 119.88910194483847 -1 126 126 127
-0.45 0.773 -0.465 -26.51 50.07 1.008094241626248 120.20571662514114 -1 126 126 127
-0.456 0.776 -0.473 -26.65 49.75 1.0167797204901365 120.43972438064316 -1 126 126 127
-0.461 0.78 -0.476 -26.77 49.65 1.0234730089259805 120.58417619044958 -1 126 126 127
-0.467 0.781 -0.476 -27.05 49.51 1.0269498527192065 120.87737019796508 -1 126 126 127
-0.47 0.783 -0.477 -27.14 49.46 1.0302999563234 120.97451630274763 -1 126 126 127
-0.47 0.782 -0.478 -27.15 49.4 1.0300038834878247 121.00683605742407 -1 126 126 127
-0.472 0.781 -0.481 -27.23 49.21 1.0315551366747198 121.14680951791699 -1 126 126 126
-0.472 0.78 -0.48 -27.26 49.2 1.0303319853328827 121.17931525738256 -1 126 126 127
-0.47 0.779 -0.482 -27.16 49.17 1.0295945804053166 121.10416061175945 -1 126 126 127
-0.472 0.778 -0.484 -27.25 49.01 1.030691030328682 121.24451008361402 -1 126 126 127
-0.472 0.778 -0.484 -27.25 49.01 1.030691030328682 121.24451008361402 -1 126 126 127
-0.471 0.776 -0.484 -27.25 48.97 1.0287239668638035 121.25602417405898 -1 126 126 127
-0.469 0.775 -0.485 -27.16 48.96 1.027526641990367 121.18070278612811 -1 126 126 127
-0.463 0.772 -0.482 -26.96 49.12 1.0211155664272287 120.9528409712391 -1 126 126 127
-0.458 0.77 -0.481 -26.77 49.22 1.0168701982062411 120.74440163321464 -1 126 126 127
-0.456 0.771 -0.483 -26.62 49.25 1.0176767659723789 120.6017547007566 -1 126 126 127
-0.456 0.772 -0.484 -26.59 49.26 1.0189092206865145 120.56922411778739 -1 126 126 127
-0.458 0.771 -0.485 -26.69 49.13 1.0195243989233411 120.711740003044 -1 126 126 127
-0.46 0.769 -0.486 -26.82 48.97 1.0193905041739402 120.88699668199875 -1 126 126 127
-0.465 0.767 -0.486 -27.12 48.75 1.020151949466353 121.22667986976295 -1 126 126 127
-0.466 0.767 -0.485 -27.18 48.75 1.0201323443553783 121.28127241141628 -1 126 126 127
-0.468 0.763 -0.484 -27.38 48.58 1.0175701450022991 121.52363232223522 -1 126 126 127
-0.468 0.763 -0.484 -27.38 48.58 1.0175701450022991 121.52363232223522 -1 126 126 127
-0.466 0.767 -0.481 -27.24 48.87 1.0182367111826207 121.28127241141628 -1 126 126 127
-0.466 0.768 -0.478 -27.25 49 1.0175775154748654 121.24815478195944 -1 126 126 127
-0.459 0.772 -0.477 -26.83 49.39 1.0169532929294245 120.73400573566124 -1 126 126 127
-0.452 0.773 -0.479 -26.43 49.57 1.0155166172938777 120.31631215247882 -1 126 126 127
-0.45 0.776 -0.481 -26.24 49.67 1.0178590275671773 120.109313032996 -1 126 126 127
-0.449 0.776 -0.487 -26.11 49.52 1.020267611952864 120.05402818631894 -1 126 126 127
-0.454 0.777 -0.489 -26.31 49.35 1.0241904119840217 120.29768351823571 -1 126 126 127
-0.461 0.778 -0.492 -26.6 49.09 1.0294993929090002 120.64864922054771 -1 126 126 127
-0.465 0.775 -0.492 -26.86 48.86 1.029035470720033 120.96375653207352 -1 126 126 127
-0.471 0.773 -0.493 -27.19 48.59 1.0307371148842948 121.35455154469466 -1 126 126 127
-0.469 0.772 -0.492 -27.13 48.64 1.0285956445562077 121.27922279664301 -1 126 126 127
-0.466 0.771 -0.488 -27.05 48.81 1.0245686897421764 121.14917911941747 -1 126 126 127
-0.466 0.769 -0.488 -27.1 48.73 1.0230645140947858 121.21510012841533 -1 126 126 126
-0.466 0.768 -0.485 -27.16 48.79 1.0208844204903904 121.24815478195944 -1 126 126 126
-0.465 0.766 -0.482 -27.19 48.84 1.0174993857492003 121.25982778135837 -1 126 126 126
-0.463 0.767 -0.479 -27.11 49.02 1.0159227332824088 121.11730534387425 -1 126 126 126
-0.464 0.77 -0.481 -27.07 49.04 1.0195866809643994 121.07305777207665 -1 126 126 126
-0.463 0.771 -0.482 -26.99 49.08 1.020359740483718 120.98560846828065 -1 126 126 126
-0.468 0.777 -0.486 -27.05 49.03 1.0290524767960088 121.06125351031186 -1 126 126 126
-0.476 0.788 -0.49 -27.16 49.08 1.0428902147397874 121.13453331251941 -1 126 126 126
-0.484 0.805 -0.495 -27.12 49.3 1.0617466741177013 121.01606232319668 -1 126 126 126
-0.495 0.815 -0.5 -27.37 49.2 1.0766847263707235 121.27290342145022 -1 126 126 126
-0.508 0.825 -0.507 -27.68 48.98 1.0934980566969472 121.62299910962466 -3 126 126 126
-0.533 0.814 -0.501 -29.15 48.06 1.0943884136813584 123.21642449390109 -3 126 126 126
-0.533 0.814 -0.501 -29.15 48.06 1.0943884136813584 123.21642449390109 -3 126 126 126
-0.589 0.766 -0.5 -32.78 44.75 1.087969209123126 127.55774603334 -3 125 125 126
-0.652 0.748 -0.49 -36.1 42.52 1.1066652610432839 131.07728710948953 -3 125 124 126
-0.686 0.729 -0.503 -37.76 40.6 1.1202883557370396 133.25939183972727 -3 124 123 126
-0.724 0.718 -0.501 -39.59 39.2 1.1360902252902276 135.23839992592028 -3 124 122 126
-0.747 0.701 -0.496 -41.02 38.02 1.1381678259378096 136.81955785471214 -3 124 122 127
-0.757 0.658 -0.467 -43.17 36.49 1.1063914316371037 139.002158222 -3 125 121 128
-0.739 0.594 -0.376 -46.43 35.62 1.0199671563339674 141.2080653266543 -3 124 121 130
-0.746 0.602 -0.346 -47.05 36.21 1.0191349272790133 141.0974935775094 -3 124 122 131
-0.728 0.636 -0.317 -45.69 38.69 1.0173342616859022 138.85868033677207 -3 123 123 132
-0.691 0.7 -0.32 -41.92 42.59 1.034350520858379 134.6292920056995 -3 123 124 133
-0.524 0.78 -0.288 -32.22 52.53 0.982812291335431 123.8930033226277 -3 125 125 136
-0.411 0.772 -0.26 -26.77 57.79 0.9124171195237406 118.03009700717054 -3 125 126 136
-0.308 0.764 -0.212 -21.23 63.92 0.8505903832045129 111.95640219984425 -3 125 125 136
-0.451 0.79 -0.478 -26.03 50.24 1.027611307839691 119.72144424636245 -1 126 126 127
-0.45 0.789 -0.479 -25.99 50.21 1.0268700015094414 119.69793679330277 -1 126 126 127
-0.452 0.79 -0.477 -26.1 50.25 1.02758600613282 119.7761136620761 -1 126 126 126
-0.455 0.787 -0.476 -26.32 50.08 1.0261432648514535 120.03413301370014 -1 126 126 126
-0.456 0.784 -0.472 -26.49 50.07 1.0224363060846382 120.18368065722237 -1 126 126 126
-0.46 0.782 -0.466 -26.81 50.06 1.0199411747743103 120.46554491945989 -1 126 126 126
-0.458 0.781 -0.463 -26.77 50.18 1.0169041252743547 120.38853882211218 -1 126 126 126
-0.458 0.779 -0.462 -26.83 50.13 1.0149132967894352 120.45268607896139 -1 126 126 126
-0.459 0.777 -0.461 -26.93 50.06 1.0133760407667038 120.57177327821431 -1 126 126 127
-0.45 0.772 -0.463 -26.56 50.09 1.0064059816992346 120.23797549846397 -1 126 126 127
-0.449 0.768 -0.461 -26.62 50.04 1.0019710574662324 120.31206861737628 -1 126 126 127
-0.448 0.77 -0.46 -26.54 50.18 1.0025986235777506 120.19162296095763 -1 126 126 127
-0.447 0.769 -0.461 -26.5 50.14 1.0018438002004104 120.16833981361823 -1 126 126 127
-0.442 0.769 -0.462 -26.23 50.26 1.0000844964301765 119.88910194483847 -1 126 126 127
-0.45 0.773 -0.465 -26.51 50.07 1.008094241626248 120.20571662514114 -1 126 126 127
-0.456 0.776 -0.473 -26.65 49.75 1.0167797204901365 120.43972438064316 -1 126 126 127
-0.461 0.78 -0.476 -26.77 49.65 1.0234730089259805 120.58417619044958 -1 126 126 127
-0.467 0.781 -0.476 -27.05 49.51 1.0269498527192065 120.87737019796508 -1 126 126 127
-0.47 0.783 -0.477 -27.14 49.46 1.0302999563234 120.97451630274763 -1 126 126 127
-0.47 0.782 -0.478 -27.15 49.4 1.0300038834878247 121.00683605742407 -1 126 126 127
-0.472 0.781 -0.481 -27.23 49.21 1.0315551366747198 121.14680951791699 -1 126 126 126
-0.472 0.78 -0.48 -27.26 49.2 1.0303319853328827 121.17931525738256 -1 126 126 127
-0.47 0.779 -0.482 -27.16 49.17 1.0295945804053166 121.10416061175945 -1 126 126 127
-0.472 0.778 -0.484 -27.25 49.01 1.030691030328682 121.24451008361402 -1 126 126 127
-0.472 0.778 -0.484 -27.25 49.01 1.030691030328682 121.24451008361402 -1 126 126 127
-0.471 0.776 -0.484 -27.25 48.97 1.0287239668638035 121.25602417405898 -1 126 126 127
-0.469 0.775 -0.485 -27.16 48.96 1.027526641990367 121.18070278612811 -1 126 126 127
-0.463 0.772 -0.482 -26.96 49.12 1.0211155664272287 120.9528409712391 -1 126 126 127
-0.458 0.77 -0.481 -26.77 49.22 1.0168701982062411 120.74440163321464 -1 126 126 127
-0.456 0.771 -0.483 -26.62 49.25 1.0176767659723789 120.6017547007566 -1 126 126 127
-0.456 0.772 -0.484 -26.59 49.26 1.0189092206865145 120.56922411778739 -1 126 126 127
-0.458 0.771 -0.485 -26.69 49.13 1.0195243989233411 120.711740003044 -1 126 126 127
-0.46 0.769 -0.486 -26.82 48.97 1.0193905041739402 120.88699668199875 -1 126 126 127
-0.465 0.767 -0.486 -27.12 48.75 1.020151949466353 121.22667986976295 -1 126 126 127
-0.466 0.767 -0.485 -27.18 48.75 1.0201323443553783 121.28127241141628 -1 126 126 127
-0.468 0.763 -0.484 -27.38 48.58 1.0175701450022991 121.52363232223522 -1 126 126 127
-0.468 0.763 -0.484 -27.38 48.58 1.0175701450022991 121.52363232223522 -1 126 126 127
-0.466 0.767 -0.481 -27.24 48.87 1.0182367111826207 121.28127241141628 -1 126 126 127
-0.466 0.768 -0.478 -27.25 49 1.0175775154748654 121.24815478195944 -1 126 126 127
-0.459 0.772 -0.477 -26.83 49.39 1.0169532929294245 120.73400573566124 -1 126 126 127
-0.452 0.773 -0.479 -26.43 49.57 1.0155166172938777 120.31631215247882 -1 126 126 127
-0.45 0.776 -0.481 -26.24 49.67 1.0178590275671773 120.109313032996 -1 126 126 127
-0.449 0.776 -0.487 -26.11 49.52 1.020267611952864 120.05402818631894 -1 126 126 127
-0.454 0.777 -0.489 -26.31 49.35 1.0241904119840217 120.29768351823571 -1 126 126 127
-0.461 0.778 -0.492 -26.6 49.09 1.0294993929090002 120.64864922054771 -1 126 126 127
-0.465 0.775 -0.492 -26.86 48.86 1.029035470720033 120.96375653207352 -1 126 126 127
-0.471 0.773 -0.493 -27.19 48.59 1.0307371148842948 121.35455154469466 -1 126 126 127
-0.469 0.772 -0.492 -27.13 48.64 1.0285956445562077 121.27922279664301 -1 126 126 127
-0.466 0.771 -0.488 -27.05 48.81 1.0245686897421764 121.14917911941747 -1 126 126 127
-0.466 0.769 -0.488 -27.1 48.73 1.0230645140947858 121.21510012841533 -1 126 126 126
-0.466 0.768 -0.485 -27.16 48.79 1.0208844204903904 121.24815478195944 -1 126 126 126
-0.465 0.766 -0.482 -27.19 48.84 1.0174993857492003 121.25982778135837 -1 126 126 126
-0.463 0.767 -0.479 -27.11 49.02 1.0159227332824088 121.11730534387425 -1 126 126 126
-0.464 0.77 -0.481 -27.07 49.04 1.0195866809643994 121.07305777207665 -1 126 126 126
-0.463 0.771 -0.482 -26.99 49.08 1.020359740483718 120.98560846828065 -1 126 126 126
-0.468 0.777 -0.486 -27.05 49.03 1.0290524767960088 121.06125351031186 -1 126 126 126
-0.476 0.788 -0.49 -27.16 49.08 1.0428902147397874 121.13453331251941 -1 126 126 126
-0.484 0.805 -0.495 -27.12 49.3 1.0617466741177013 121.01606232319668 -1 126 126 126
-0.495 0.815 -0.5 -27.37 49.2 1.0766847263707235 121.27290342145022 -1 126 126 126
-0.508 0.825 -0.507 -27.68 48.98 1.0934980566969472 121.62299910962466 -3 126 126 126
-0.533 0.814 -0.501 -29.15 48.06 1.0943884136813584 123.21642449390109 -3 126 126 126
-0.533 0.814 -0.501 -29.15 48.06 1.0943884136813584 123.21642449390109 -3 126 126 126
-0.589 0.766 -0.5 -32.78 44.75 1.087969209123126 127.55774603334 -3 125 125 126
-0.652 0.748 -0.49 -36.1 42.52 1.1066652610432839 131.07728710948953 -3 125 124 126
-0.686 0.729 -0.503 -37.76 40.6 1.1202883557370396 133.25939183972727 -3 124 123 126
-0.724 0.718 -0.501 -39.59 39.2 1.1360902252902276 135.23839992592028 -3 124 122 126
-0.747 0.701 -0.496 -41.02 38.02 1.1381678259378096 136.81955785471214 -3 124 122 127
-0.757 0.658 -0.467 -43.17 36.49 1.1063914316371037 139.002158222 -3 125 121 128
-0.739 0.594 -0.376 -46.43 35.62 1.0199671563339674 141.2080653266543 -3 124 121 130
-0.746 0.602 -0.346 -47.05 36.21 1.0191349272790133 141.0974935775094 -3 124 122 131
-0.728 0.636 -0.317 -45.69 38.69 1.0173342616859022 138.85868033677207 -3 123 123 132
-0.691 0.7 -0.32 -41.92 42.59 1.034350520858379 134.6292920056995 -3 123 124 133
-0.524 0.78 -0.288 -32.22 52.53 0.982812291335431 123.8930033226277 -3 125 125 136
-0.411 0.772 -0.26 -26.77 57.79 0.9124171195237406 118.03009700717054 -3 125 126 136
-0.308 0.764 -0.212 -21.23 63.92 0.8505903832045129 111.95640219984425 -3 125 125 136
-0.192 0.749 -0.151 -14.11 71.94 0.7878235843131379 104.37771364416092 -3 124 125 136
-0.108 0.749 -0.125 -8.09 77.56 0.7670006518902054 98.20505474208494 -1 123 125 135
-0.05 0.781 -0.112 -3.63 81.07 0.7905725773134304 93.6631045789272 -1 123 124 134
-0.003 0.833 -0.109 -0.2 82.54 0.8401065408625266 90.20634645305802 -1 123 124 134
0.042 0.869 -0.111 2.74 82.22 0.8770667021384405 87.23296706589073 1 123 125 135
0.092 0.899 -0.077 5.82 82.4 0.9069696797578186 84.15692401451217 -3 124 125 134
0.146 0.885 -0.063 9.34 79.81 0.8991718411961087 80.63219053902436 -3 125 125 133
0.206 0.879 -0.033 13.18 76.65 0.9034190611227992 76.81035474089038 -3 124 124 132
0.244 0.915 -0.034 14.92 74.93 0.9475848246990873 75.06858282186246 -3 124 124 132
0.289 0.986 -0.067 16.3 73.25 1.0296630516824423 73.66395711028153 -3 125 124 132
0.314 1.058 -0.089 16.48 72.86 1.1071951047579647 73.46982804938845 -3 125 124 133
0.333 1.105 -0.108 16.7 72.42 1.1591281206148007 73.22942733636852 -3 127 123 134
0.372 1.059 -0.099 19.28 70.02 1.1267945686770058 70.64491066853785 -3 128 123 133
0.419 0.988 -0.085 22.91 66.6 1.0765361117956054 67.01873001091526 -3 128 123 131
0.452 0.922 -0.099 25.99 63.35 1.0315953664106872 63.88412256124968 -3 127 124 130
0.507 0.916 -0.13 28.72 60.26 1.0549905212844333 61.035759333906725 -3 127 125 130
0.573 0.94 -0.173 30.94 57.51 1.1143868269142452 58.63458155154476 -3 126 126 130
0.63 1.012 -0.214 31.34 56.68 1.2111317021695038 58.09651207754565 -3 127 126 129
0.681 1.078 -0.255 31.58 56 1.3003345723312905 57.7183569648978 -3 127 126 129
0.747 1.134 -0.258 32.71 55.13 1.3822188683417689 56.6258986433086 -3 128 126 127
0.73 1.145 -0.261 31.87 55.9 1.3827675148050016 57.48026568785426 -3 128 127 125
0.733 1.112 -0.27 32.64 54.91 1.358945547106285 56.608221009372514 -3 129 127 124
0.687 1.071 -0.251 31.99 55.67 1.2969236677615226 57.32159060353016 -3 130 128 122
-0.451 0.79 -0.478 -26.03 50.24 1.027611307839691 119.72144424636245 -1 126 126 127
-0.45 0.789 -0.479 -25.99 50.21 1.0268700015094414 119.69793679330277 -1 126 126 127
-0.452 0.79 -0.477 -26.1 50.25 1.02758600613282 119.7761136620761 -1 126 126 126
-0.455 0.787 -0.476 -26.32 50.08 1.0261432648514535 120.03413301370014 -1 126 126 126
-0.456 0.784 -0.472 -26.49 50.07 1.0224363060846382 120.18368065722237 -1 126 126 126
-0.46 0.782 -0.466 -26.81 50.06 1.0199411747743103 120.46554491945989 -1 126 126 126
-0.458 0.781 -0.463 -26.77 50.18 1.0169041252743547 120.38853882211218 -1 126 126 126
-0.458 0.779 -0.462 -26.83 50.13 1.0149132967894352 120.45268607896139 -1 126 126 126
-0.459 0.777 -0.461 -26.93 50.06 1.0133760407667038 120.57177327821431 -1 126 126 127
-0.45 0.772 -0.463 -26.56 50.09 1.0064059816992346 120.23797549846397 -1 126 126 127
-0.449 0.768 -0.461 -26.62 50.04 1.0019710574662324 120.31206861737628 -1 126 126 127
-0.448 0.77 -0.46 -26.54 50.18 1.0025986235777506 120.19162296095763 -1 126 126 127
-0.447 0.769 -0.461 -26.5 50.14 1.0018438002004104 120.16833981361823 -1 126 126 127
-0.442 0.769 -0.462 -26.23 50.26 1.0000844964301765 119.88910194483847 -1 126 126 127
-0.45 0.773 -0.465 -26.51 50.07 1.008094241626248 120.20571662514114 -1 126 126 127
-0.456 0.776 -0.473 -26.65 49.75 1.0167797204901365 120.43972438064316 -1 126 126 127
-0.461 0.78 -0.476 -26.77 49.65 1.0234730089259805 120.58417619044958 -1 126 126 127
-0.467 0.781 -0.476 -27.05 49.51 1.0269498527192065 120.87737019796508 -1 126 126 127
-0.47 0.783 -0.477 -27.14 49.46 1.0302999563234 120.97451630274763 -1 126 126 127
-0.47 0.782 -0.478 -27.15 49.4 1.0300038834878247 121.00683605742407 -1 126 126 127
-0.472 0.781 -0.481 -27.23 49.21 1.0315551366747198 121.14680951791699 -1 126 126 126
-0.472 0.78 -0.48 -27.26 49.2 1.0303319853328827 121.17931525738256 -1 126 126 127
-0.47 0.779 -0.482 -27.16 49.17 1.0295945804053166 121.10416061175945 -1 126 126 127
-0.472 0.778 -0.484 -27.25 49.01 1.030691030328682 121.24451008361402 -1 126 126 127
-0.472 0.778 -0.484 -27.25 49.01 1.030691030328682 121.24451008361402 -1 126 126 127
-0.471 0.776 -0.484 -27.25 48.97 1.0287239668638035 121.25602417405898 -1 126 126 127
-0.469 0.775 -0.485 -27.16 48.96 1.027526641990367 121.18070278612811 -1 126 126 127
-0.463 0.772 -0.482 -26.96 49.12 1.0211155664272287 120.9528409712391 -1 126 126 127
-0.458 0.77 -0.481 -26.77 49.22 1.0168701982062411 120.74440163321464 -1 126 126 127
-0.456 0.771 -0.483 -26.62 49.25 1.0176767659723789 120.6017547007566 -1 126 126 127
-0.456 0.772 -0.484 -26.59 49.26 1.0189092206865145 120.56922411778739 -1 126 126 127
-0.458 0.771 -0.485 -26.69 49.13 1.0195243989233411 120.711740003044 -1 126 126 127
-0.46 0.769 -0.486 -26.82 48.97 1.0193905041739402 120.88699668199875 -1 126 126 127
-0.465 0.767 -0.486 -27.12 48.75 1.020151949466353 121.22667986976295 -1 126 126 127
-0.466 0.767 -0.485 -27.18 48.75 1.0201323443553783 121.28127241141628 -1 126 126 127
-0.468 0.763 -0.484 -27.38 48.58 1.0175701450022991 121.52363232223522 -1 126 126 127
-0.468 0.763 -0.484 -27.38 48.58 1.0175701450022991 121.52363232223522 -1 126 126 127
-0.466 0.767 -0.481 -27.24 48.87 1.0182367111826207 121.28127241141628 -1 126 126 127
-0.466 0.768 -0.478 -27.25 49 1.0175775154748654 121.24815478195944 -1 126 126 127
-0.459 0.772 -0.477 -26.83 49.39 1.0169532929294245 120.73400573566124 -1 126 126 127
-0.452 0.773 -0.479 -26.43 49.57 1.0155166172938777 120.31631215247882 -1 126 126 127
-0.45 0.776 -0.481 -26.24 49.67 1.0178590275671773 120.109313032996 -1 126 126 127
-0.449 0.776 -0.487 -26.11 49.52 1.020267611952864 120.05402818631894 -1 126 126 127
-0.454 0.777 -0.489 -26.31 49.35 1.0241904119840217 120.29768351823571 -1 126 126 127
-0.461 0.778 -0.492 -26.6 49.09 1.0294993929090002 120.64864922054771 -1 126 126 127
-0.465 0.775 -0.492 -26.86 48.86 1.029035470720033 120.96375653207352 -1 126 126 127
-0.471 0.773 -0.493 -27.19 48.59 1.0307371148842948 121.35455154469466 -1 126 126 127
-0.469 0.772 -0.492 -27.13 48.64 1.0285956445562077 121.27922279664301 -1 126 126 127
-0.466 0.771 -0.488 -27.05 48.81 1.0245686897421764 121.14917911941747 -1 126 126 127
-0.466 0.769 -0.488 -27.1 48.73 1.0230645140947858 121.21510012841533 -1 126 126 126
-0.466 0.768 -0.485 -27.16 48.79 1.0208844204903904 121.24815478195944 -1 126 126 126
-0.465 0.766 -0.482 -27.19 48.84 1.0174993857492003 121.25982778135837 -1 126 126 126
-0.463 0.767 -0.479 -27.11 49.02 1.0159227332824088 121.11730534387425 -1 126 126 126
-0.464 0.77 -0.481 -27.07 49.04 1.0195866809643994 121.07305777207665 -1 126 126 126
-0.463 0.771 -0.482 -26.99 49.08 1.020359740483718 120.98560846828065 -1 126 126 126
-0.468 0.777 -0.486 -27.05 49.03 1.0290524767960088 121.06125351031186 -1 126 126 126
-0.476 0.788 -0.49 -27.16 49.08 1.0428902147397874 121.13453331251941 -1 126 126 126
-0.484 0.805 -0.495 -27.12 49.3 1.0617466741177013 121.01606232319668 -1 126 126 126
-0.495 0.815 -0.5 -27.37 49.2 1.0766847263707235 121.27290342145022 -1 126 126 126
-0.508 0.825 -0.507 -27.68 48.98 1.0934980566969472 121.62299910962466 -3 126 126 126
-0.533 0.814 -0.501 -29.15 48.06 1.0943884136813584 123.21642449390109 -3 126 126 126
-0.533 0.814 -0.501 -29.15 48.06 1.0943884136813584 123.21642449390109 -3 126 126 126
-0.589 0.766 -0.5 -32.78 44.75 1.087969209123126 127.55774603334 -3 125 125 126
-0.652 0.748 -0.49 -36.1 42.52 1.1066652610432839 131.07728710948953 -3 125 124 126
-0.686 0.729 -0.503 -37.76 40.6 1.1202883557370396 133.25939183972727 -3 124 123 126
-0.724 0.718 -0.501 -39.59 39.2 1.1360902252902276 135.23839992592028 -3 124 122 126
-0.747 0.701 -0.496 -41.02 38.02 1.1381678259378096 136.81955785471214 -3 124 122 127
-0.757 0.658 -0.467 -43.17 36.49 1.1063914316371037 139.002158222 -3 125 121 128
-0.739 0.594 -0.376 -46.43 35.62 1.0199671563339674 141.2080653266543 -3 124 121 130
-0.746 0.602 -0.346 -47.05 36.21 1.0191349272790133 141.0974935775094 -3 124 122 131
-0.728 0.636 -0.317 -45.69 38.69 1.0173342616859022 138.85868033677207 -3 123 123 132
-0.691 0.7 -0.32 -41.92 42.59 1.034350520858379 134.6292920056995 -3 123 124 133
-0.524 0.78 -0.288 -32.22 52.53 0.982812291335431 123.8930033226277 -3 125 125 136
-0.411 0.772 -0.26 -26.77 57.79 0.9124171195237406 118.03009700717054 -3 125 126 136
-0.308 0.764 -0.212 -21.23 63.92 0.8505903832045129 111.95640219984425 -3 125 125 136
-0.192 0.749 -0.151 -14.11 71.94 0.7878235843131379 104.37771364416092 -3 124 125 136
-0.108 0.749 -0.125 -8.09 77.56 0.7670006518902054 98.20505474208494 -1 123 125 135
-0.05 0.781 -0.112 -3.63 81.07 0.7905725773134304 93.6631045789272 -1 123 124 134
-0.003 0.833 -0.109 -0.2 82.54 0.8401065408625266 90.20634645305802 -1 123 124 134
0.042 0.869 -0.111 2.74 82.22 0.8770667021384405 87.23296706589073 1 123 125 135
0.092 0.899 -0.077 5.82 82.4 0.9069696797578186 84.15692401451217 -3 124 125 134
0.146 0.885 -0.063 9.34 79.81 0.8991718411961087 80.63219053902436 -3 125 125 133
0.206 0.879 -0.033 13.18 76.65 0.9034190611227992 76.81035474089038 -3 124 124 132
0.244 0.915 -0.034 14.92 74.93 0.9475848246990873 75.06858282186246 -3 124 124 132
0.289 0.986 -0.067 16.3 73.25 1.0296630516824423 73.66395711028153 -3 125 124 132
0.314 1.058 -0.089 16.48 72.86 1.1071951047579647 73.46982804938845 -3 125 124 133
0.333 1.105 -0.108 16.7 72.42 1.1591281206148007 73.22942733636852 -3 127 123 134
0.372 1.059 -0.099 19.28 70.02 1.1267945686770058 70.64491066853785 -3 128 123 133
0.419 0.988 -0.085 22.91 66.6 1.0765361117956054 67.01873001091526 -3 128 123 131
0.452 0.922 -0.099 25.99 63.35 1.0315953664106872 63.88412256124968 -3 127 124 130
0.507 0.916 -0.13 28.72 60.26 1.0549905212844333 61.035759333906725 -3 127 125 130
0.573 0.94 -0.173 30.94 57.51 1.1143868269142452 58.63458155154476 -3 126 126 130
0.63 1.012 -0.214 31.34 56.68 1.2111317021695038 58.09651207754565 -3 127 126 129
0.681 1.078 -0.255 31.58 56 1.3003345723312905 57.7183569648978 -3 127 126 129
0.747 1.134 -0.258 32.71 55.13 1.3822188683417689 56.6258986433086 -3 128 126 127
0.73 1.145 -0.261 31.87 55.9 1.3827675148050016 57.48026568785426 -3 128 127 125
0.733 1.112 -0.27 32.64 54.91 1.358945547106285 56.608221009372514 -3 129 127 124
0.687 1.071 -0.251 31.99 55.67 1.2969236677615226 57.32159060353016 -3 130 128 122
0.586 1.042 -0.222 28.81 58.98 1.215912825822641 60.647467980889985 -3 131 128 121
0.533 0.962 -0.234 28.3 58.82 1.124406065440773 61.011177478808456 -3 130 129 120
0.444 0.907 -0.218 25.45 61.39 1.03310648047527 63.91705427857758 -3 130 129 119
0.255 0.823 -0.212 16.7 68.05 0.8872981460591474 72.7848210576742 -3 130 131 118
0.207 0.794 -0.22 14.1 69.17 0.8495204529615518 75.38793893882854 1 130 131 118
0.189 0.792 -0.223 12.94 69.74 0.8442239039496572 76.5781649321138 1 129 132 118
0.173 0.784 -0.226 11.97 70.05 0.8340629472647734 77.55633861760933 1 129 132 117
0.151 0.731 -0.274 10.95 66.83 0.7951339509793303 78.32877470346537 1 127 132 117
0.167 0.621 -0.303 13.59 60.88 0.7108719997299092 74.94805696840861 1 126 134 116
0.134 0.587 -0.269 11.72 62.89 0.6594588690737277 77.14090141805559 1 125 136 116
0.061 0.502 -0.336 5.77 55.77 0.6071416638643735 83.07173071029615 1 125 137 117
-0.159 0.478 -0.345 -15.09 51.53 0.6105653118217574 108.39898160886868 -1 128 140 117
-0.159 0.478 -0.345 -15.09 51.53 0.6105653118217574 108.39898160886868 -1 128 140 117
-0.451 0.527 -0.406 -34.13 40.97 0.8037201005325174 130.5564973284775 -3 130 136 119
-0.529 0.645 -0.406 -34.76 44.05 0.9277402653760373 129.35706379066795 -3 130 136 119
-0.509 0.78 -0.55 -28.07 46.15 1.081656599850433 123.12702408927042 -1 130 130 120
-0.473 0.855 -0.632 -23.98 47.28 1.1636915398850332 118.95208690915129 -1 130 129 121
-0.506 0.873 -0.712 -24.19 44.98 1.234953035544267 120.09703285223513 -1 130 129 123
-0.594 0.873 -0.798 -26.67 41.27 1.323544105800785 124.23185543889215 -1 131 127 123
-0.634 0.879 -0.837 -27.58 39.93 1.369367007051068 125.80193833570347 -1 131 127 124
-0.682 0.862 -0.863 -29.21 38.08 1.3974752233939605 128.35045638354606 -1 130 127 125
-0.683 0.852 -0.873 -29.24 37.55 1.3980422025103534 128.71716957025077 -1 130 127 125
-0.649 0.879 -0.871 -27.68 38.98 1.3973127781567016 126.43989895350454 -1 130 127 125
