-0.141 0.968 -0.18 -8.15 76.71 0.9946381251490413 98.28748518960545 -1 126 127 127
-0.149 0.966 -0.174 -8.63 76.66 0.9927905116387847 98.76844593423544 -1 126 127 127
-0.149 0.961 -0.167 -8.69 76.89 0.9867172847376294 98.81335296685698 -1 127 127 128
-0.155 0.956 -0.158 -9.09 76.96 0.9812874196686717 99.20944823164642 -1 126 126 128
-0.157 0.95 -0.159 -9.26 76.76 0.9759252020518785 99.38406269785744 -1 126 126 128
-0.154 0.966 -0.164 -8.93 76.89 0.991850795230815 99.05788812861766 -1 126 126 127
-0.15 0.977 -0.16 -8.62 77.35 1.0013136371786813 98.72853414850084 -1 126 126 127
-0.141 0.984 -0.16 -8.05 77.77 1.0068450724912945 98.1545563772179 -1 126 126 126
-0.133 0.993 -0.16 -7.53 78.17 1.0145629600966122 97.62865576586377 -1 126 126 126
-0.128 0.991 -0.158 -7.27 78.4 1.0116466774521626 97.35971721142117 -1 126 126 126
-0.117 0.995 -0.155 -6.63 78.96 1.013774629787114 96.70649575116774 -1 126 127 126
-0.111 1.001 -0.161 -6.25 78.95 1.0199230363120542 96.32762688218304 -1 126 127 126
-0.101 1.002 -0.17 -5.68 78.84 1.0213251196362498 95.75588175924098 -1 126 127 127
-0.101 1.004 -0.174 -5.66 78.67 1.023959471854233 95.74449261851383 -1 126 127 127
-0.107 1.004 -0.178 -5.99 78.31 1.0252555778926542 96.08326172140642 -1 126 126 127
-0.111 1.003 -0.181 -6.22 78.05 1.0252272918723924 96.315111520104 -1 126 126 127
-0.111 1.003 -0.178 -6.22 78.19 1.0247019078736994 96.315111520104 -1 126 125 126
-0.109 1.011 -0.169 -6.07 78.75 1.0308069654401837 96.15352066602311 -1 126 125 126
-0.113 1.016 -0.165 -6.26 78.86 1.035495050688317 96.34638120030013 -1 126 125 127
-0.115 1.016 -0.157 -6.38 79.16 1.034470879242137 96.457765812517 -1 126 126 127
-0.114 1.003 -0.131 -6.43 80.18 1.0179223938984738 96.48435542032563 -1 126 127 126
-0.121 0.996 -0.142 -6.86 79.39 1.0133217652848479 96.9266883208447 -1 126 128 126
-0.117 0.99 -0.145 -6.67 79.34 1.0073797695010556 96.74005609794696 -1 126 128 126
-0.113 0.98 -0.15 -6.5 79.15 0.9978321502136519 96.57750639038089 -1 126 128 126
-0.116 0.972 -0.167 -6.71 78.18 0.9930402811568119 96.80558044186479 -1 126 128 126
-0.11 0.967 -0.163 -6.4 78.51 0.9867917713479374 96.48972084349077 -1 126 128 126
-0.108 0.96 -0.16 -6.33 78.63 0.9792160129409649 96.41878673023879 -1 126 127 126
-0.11 0.967 -0.159 -6.4 78.69 0.9861389354446969 96.48972084349077 -1 126 127 126
-0.113 0.976 -0.157 -6.52 78.79 0.9949844219886058 96.60422572716904 -1 126 127 126
-0.115 0.986 -0.157 -6.57 78.83 1.0050223878103413 96.65251407195534 -1 126 126 126
-0.126 1.004 -0.154 -7.07 78.79 1.0235272346156696 97.15310939863046 -1 126 126 126
-0.125 1.078 -0.152 -6.55 79.65 1.095816134212305 96.61422055473935 -1 126 126 126
-0.138 1.138 -0.148 -6.86 79.92 1.1558512014961093 96.91423429791834 -1 126 126 126
-0.157 1.175 -0.164 -7.54 79.06 1.196733052940379 97.61061298173304 -1 125 126 126
-0.173 1.154 -0.207 -8.39 76.84 1.1851134966744745 98.52590982967136 -1 125 126 126
-0.2 1.085 -0.284 -10.11 72.25 1.1392458031522434 100.44419547535585 -1 124 126 125
-0.236 0.829 -0.543 -13.4 54.47 1.0187178215776929 105.89061110852273 -1 123 126 125
-0.245 0.719 -0.656 -14.13 45.76 1.0036543229618453 108.81659699692517 -1 123 125 126
-0.269 0.704 -0.719 -14.97 42.52 1.0416035714224485 110.91197031665607 -1 122 125 127
-0.304 0.792 -0.771 -15.38 43.7 1.1463511678364533 110.99871903438702 -1 122 124 128
-0.286 0.908 -0.748 -13.66 48.59 1.2106874080455285 107.48327921474342 -1 122 124 127
-0.202 1.008 -0.673 -9.46 55.12 1.2287379704395889 101.33179274747803 -1 122 123 126
-0.08 1.034 -0.565 -3.88 61.11 1.181008467370154 94.4241287135606 -1 122 123 126
0.177 0.872 -0.172 11.26 74.2 0.9062543792997637 78.52589668726276 -3 123 120 127
0.212 0.793 0.055 14.93 74.56 0.8226894918497502 75.03261278530228 3 123 119 129
0.201 0.708 0.279 14.8 64.09 0.7870870345774983 74.15084551950248 1 122 118 129
0.169 0.653 0.52 11.45 50.06 0.8516865620637677 75.48990795807364 1 121 118 128
0.148 0.624 0.732 8.75 39.88 0.9731926839018057 76.65716630157695 1 121 119 126
0.132 0.573 0.966 6.7 30.44 1.1308885886770632 77.02729363895163 1 120 119 125
0.076 0.596 1.158 3.34 27.18 1.3045903571619712 82.73304559418831 1 120 120 125
-0.09 0.904 1.375 -3.13 33.27 1.6480112256899222 95.68549093559507 -1 122 123 127
-0.16 1.099 1.367 -5.21 38.61 1.7612751062795386 98.2833187684853 -1 124 125 127
-0.124 1.229 1.268 -4.02 43.97 1.7702093096580416 95.76136270489877 -1 126 128 126
