-0.057 0.985 -0.297 -3.17 72.93 1.030380026980337 93.3118997662088 -1 126 129 126
-0.047 0.989 -0.302 -2.6 72.83 1.0351492645990723 92.72080601895078 -1 126 129 126
-0.041 0.985 -0.308 -2.28 72.49 1.0328455838120236 92.38352454728089 -1 126 128 126
-0.044 0.987 -0.297 -2.44 73.08 1.0316559504020708 92.55252913263865 -1 126 127 127
-0.044 0.982 -0.281 -2.47 73.85 1.0223605039319545 92.56550839608097 -1 127 127 127
-0.041 0.983 -0.281 -2.3 73.89 1.0231964620736334 92.38836842760792 -1 127 127 127
-0.044 0.984 -0.284 -2.46 73.72 1.0251087747161274 92.56030089390866 -1 127 126 127
-0.046 0.986 -0.288 -2.56 73.52 1.0282295463562598 92.67109148564337 -1 127 126 127
-0.05 0.987 -0.286 -2.79 73.61 1.028817282125451 92.90004267060559 -1 127 126 127
-0.057 0.985 -0.287 -3.18 73.46 1.0275422132447893 93.3118997662088 -1 127 126 127
-0.057 0.984 -0.288 -3.18 73.39 1.0268636715747617 93.31525801440337 -1 127 126 127
-0.053 0.988 -0.288 -2.95 73.49 1.0304838669285414 93.07061589414869 -1 126 127 127
-0.051 0.989 -0.297 -2.83 73.05 1.0338911935015211 92.95197043805999 -1 126 126 127
-0.049 0.985 -0.3 -2.72 72.85 1.0308375235700338 92.84789923130471 -1 126 126 127
-0.05 0.979 -0.297 -2.8 72.9 1.02428023509194 92.92369971978312 -1 126 126 127
-0.047 0.972 -0.296 -2.65 72.86 1.0171573133001601 92.76831874299965 -1 126 126 127
-0.051 0.968 -0.296 -2.88 72.76 1.0135289833053616 93.01589414515591 -1 126 126 127
-0.051 0.964 -0.293 -2.9 72.85 1.0088339803951887 93.02838498284011 -1 126 126 127
-0.05 0.966 -0.29 -2.84 73.06 1.0098296886109062 92.96297592837107 -1 126 126 127
-0.049 0.973 -0.296 -2.76 72.86 1.018207248059058 92.88296345253954 -1 126 126 127
-0.045 0.975 -0.295 -2.53 72.98 1.0196445459080337 92.64254529406473 -1 127 126 127
-0.042 0.98 -0.299 -2.35 72.88 1.0254584340674173 92.45403167452709 -1 127 126 127
-0.04 0.985 -0.302 -2.22 72.81 1.0310329771641642 92.3254544207753 -1 127 126 127
-0.041 0.988 -0.306 -2.27 72.65 1.0351140033832023 92.3762954337532 -1 127 126 127
-0.042 0.988 -0.309 -2.32 72.48 1.0360448831976345 92.43418497168211 -1 127 126 127
-0.047 0.987 -0.31 -2.6 72.38 1.0356051371058372 92.72631099390628 -1 127 126 127
-0.048 0.986 -0.309 -2.66 72.4 1.0343988592414437 92.78704659558083 -1 127 126 127
-0.048 0.986 -0.307 -2.66 72.51 1.0338031727558201 92.78704659558083 -1 127 126 127
-0.049 0.985 -0.306 -2.72 72.54 1.0325996319968356 92.84789923130471 -1 127 126 127
-0.053 0.98 -0.312 -2.95 72.1 1.0298315396218936 93.09563359044378 -1 127 126 126
-0.054 0.973 -0.313 -3.02 71.92 1.0235301656521902 93.1765687480831 -1 127 126 126
-0.052 0.97 -0.316 -2.92 71.73 1.0214988986778204 93.06858902486066 -1 127 126 126
-0.05 0.974 -0.32 -2.79 71.61 1.0264385027852376 92.93868220446667 -1 126 126 126
-0.042 0.98 -0.322 -2.33 71.67 1.0323991476168508 92.45403167452709 -1 127 126 126
-0.028 0.988 -0.322 -1.54 71.88 1.0395248914768707 91.62333252509048 -1 127 126 126
-0.007 0.997 -0.321 -0.38 72.15 1.0474249376446982 90.40227067852213 -1 127 126 126
0.012 1 -0.321 0.65 72.19 1.0503261398251498 89.3124836453609 1 127 126 126
0.034 0.997 -0.325 1.86 71.85 1.0491853982971742 88.04683866139173 1 127 125 126
0.068 0.999 -0.344 3.68 70.66 1.0587544568973488 86.10599355146643 1 127 125 126
0.065 0.993 -0.353 3.53 70.13 1.0558802015380342 86.25486390458329 1 127 125 126
0.06 0.987 -0.364 3.26 69.51 1.053691131214456 86.52125485985505 1 127 124 126
0.048 0.977 -0.374 2.63 68.9 1.047238750237977 87.18732052471388 1 127 124 126
0.021 0.942 -0.418 1.17 66.04 1.0307904733746813 88.72291708474505 1 126 125 126
-0.054 0.934 -0.372 -3.07 68.08 1.0068048470284596 93.30892035687583 -1 126 126 126
-0.095 0.929 -0.361 -5.44 68.11 1.001192788627645 95.83879871679171 -1 126 127 125
-0.136 0.926 -0.338 -7.86 68.52 0.9950959752707274 98.35519794242923 -1 126 127 125
-0.064 0.936 -0.352 -3.66 69.08 1.0020459071320036 93.91157181252868 -1 126 128 126
-0.09 0.942 -0.302 -5.2 71.5 0.9933116328725844 95.4575534851046 -1 126 128 126
-0.07 0.936 -0.336 -4.03 69.86 0.9969413222451962 94.27697892698087 -1 126 128 127
-0.076 0.929 -0.34 -4.39 69.44 0.9921779074339441 94.67686090785905 -1 126 128 127
-0.215 0.918 -0.318 -12.48 67.31 0.9950241203106587 103.18136602804728 -1 126 127 126
-0.222 0.919 -0.317 -12.86 67.16 0.9971629756464087 103.5805914103189 -1 126 127 126
-0.221 0.918 -0.318 -12.82 67.13 0.9963377941240611 103.53585636913427 -1 126 127 126
-0.225 0.927 -0.309 -12.97 67.59 1.0027138175970252 103.64291477599008 -1 126 127 126
-0.215 0.93 -0.312 -12.36 67.83 1.0042255722694977 103.01711218907751 -1 126 127 126
-0.207 0.935 -0.312 -11.86 68.18 1.0071832008130397 102.48338123134495 -1 126 127 126
-0.215 0.94 -0.313 -12.24 68 1.0138017557688486 102.88327651326857 -1 126 127 126
-0.212 0.953 -0.316 -11.92 68.23 1.0261622678699505 102.54153868983592 -1 126 127 126
-0.203 0.96 -0.314 -11.36 68.72 1.030245116465009 101.93978275058845 -1 126 127 126
-0.196 0.966 -0.317 -10.91 68.9 1.0354037859695127 101.46953033286691 -1 126 127 127
-0.192 0.967 -0.319 -10.68 68.94 1.0362017178136695 101.2301492638817 -1 126 127 127
-0.183 0.962 -0.317 -10.24 69.17 1.0292822742085865 100.77061300599206 -1 126 127 127
-0.165 0.957 -0.323 -9.28 69.24 1.0234270858248768 99.7824070318073 -1 126 126 127
-0.158 0.954 -0.327 -8.9 69.16 1.0207884207807219 99.40387702648138 -1 126 126 127
-0.133 0.952 -0.323 -7.54 69.85 1.0140621282742 97.95308197143841 -1 126 126 127
-0.12 0.959 -0.325 -6.76 70.14 1.0196597471705942 97.1323695033164 -1 126 126 127
-0.114 0.961 -0.329 -6.4 70.08 1.0221340420903708 96.7651783222225 -1 126 126 127
-0.105 0.958 -0.332 -5.91 70.03 1.019319871286732 96.25484230363486 -1 126 126 127
-0.091 0.956 -0.333 -5.14 70.15 1.0164182210094426 95.4375037271519 -1 126 126 127
-0.074 0.955 -0.337 -4.18 70.14 1.0154161708383416 94.43081924838913 -1 126 126 127
-0.051 0.956 -0.344 -2.87 70.01 1.0172870784591732 93.0536793519574 -1 126 126 127
-0.003 0.974 -0.354 -0.17 70.03 1.0363401951096947 90.17647514885286 -1 126 126 127
0.025 0.984 -0.363 1.37 69.71 1.0491186777481374 88.5446276339951 1 126 126 127
0.048 0.985 -0.369 2.61 69.3 1.0529434932606783 87.21012838350075 1 126 126 126
0.055 0.985 -0.372 2.99 69.1 1.054340552193645 86.8040619864041 1 127 126 126
0.048 0.982 -0.364 2.62 69.5 1.0483911483792678 87.20161888119435 1 127 126 126
-0.023 0.963 -0.35 -1.29 69.99 1.0248892623108117 91.36817491449413 -1 127 127 125
-0.074 0.955 -0.328 -4.19 70.6 1.012464814203437 94.43081924838913 -1 127 127 125
-0.116 0.934 -0.323 -6.69 69.82 0.9950582897499021 97.07971131392142 -1 127 128 125
-0.146 0.913 -0.32 -8.58 68.93 0.9784094235032694 99.0853817284285 -1 127 128 125
-0.178 0.898 -0.307 -10.62 68.44 0.9655759939020854 101.21173928906948 -1 126 128 125
-0.204 0.893 -0.293 -12.25 68.21 0.9617244927732682 102.86803275379492 -1 126 128 124
-0.219 0.896 -0.306 -13.02 67.22 0.9718091376396911 103.73492739477743 -1 126 128 124
-0.263 0.93 -0.305 -15.04 66.59 1.013456461817675 105.79067487127048 -1 126 127 125
-0.275 0.945 -0.313 -15.44 66.21 1.0327724822050595 106.22527536117822 -1 126 127 126
-0.277 0.952 -0.332 -15.36 65.57 1.0455893075199267 106.223220307421 -1 126 127 126
-0.273 0.957 -0.336 -15.06 65.66 1.0503685067632216 105.92167094181792 -1 126 127 126
-0.268 0.96 -0.341 -14.74 65.69 1.053425365177809 105.59796158465998 -1 126 127 127
-0.251 0.963 -0.35 -13.76 65.9 1.0549265377266797 104.60876327659196 -1 126 127 127
-0.229 0.972 -0.348 -12.51 66.8 1.057510756446477 103.25694645702875 -1 126 127 127
-0.224 0.975 -0.342 -12.23 67.25 1.0572440588624747 102.93881062587691 -1 126 126 127
-0.227 0.958 -0.345 -12.57 66.68 1.0432248079872333 103.33049227620207 -1 126 126 127
-0.219 0.958 -0.338 -12.17 67.2 1.0392155695523426 102.87662549758362 -1 126 126 127
-0.209 0.952 -0.337 -11.69 67.39 1.0312875447710983 102.38215735848728 -1 126 126 127
-0.185 0.945 -0.34 -10.44 67.73 1.021200274187194 101.07654973416832 -1 126 126 127
-0.135 0.947 -0.342 -7.64 68.78 1.0158730235615079 98.11316096508345 -1 126 126 127
-0.126 0.942 -0.346 -7.16 68.65 1.0114128731630816 97.61854648756895 -1 126 126 127
-0.125 0.941 -0.352 -7.09 68.35 1.0124277752017672 97.5667233947073 -1 126 126 127
-0.125 0.942 -0.351 -7.09 68.42 1.0130103651986981 97.55878370598454 -1 126 126 127
-0.128 0.947 -0.343 -7.24 68.86 1.0153038953929014 97.69765759044053 -1 126 126 127
-0.133 0.949 -0.346 -7.5 68.66 1.0188257947264585 97.97790022821883 -1 126 126 127
-0.135 0.95 -0.344 -7.61 68.74 1.0193434161262827 98.08787997453803 -1 126 126 127
-0.144 0.956 -0.335 -8.09 69.12 1.0231798473386777 98.56593077299165 -1 126 126 126
-0.149 0.953 -0.338 -8.38 68.81 1.022083166870485 98.88616112990667 -1 126 127 126
-0.159 0.95 -0.332 -8.98 68.82 1.0188253039653068 99.50143862421362 -1 126 127 126
-0.171 0.95 -0.329 -9.65 68.68 1.0197950774542894 100.2039737217317 -1 126 127 126
-0.188 0.951 -0.329 -10.58 68.28 1.0237118735269217 101.18242842096497 -1 126 127 126
-0.208 0.95 -0.33 -11.69 67.68 1.0269683539428076 102.34987879869955 -1 126 127 126
-0.238 0.949 -0.33 -13.33 66.79 1.0325429773137775 104.0788531126591 -1 126 127 126
-0.341 0.95 -0.333 -18.71 63.36 1.0628593509961701 109.74546667955816 -3 127 127 126
-0.391 0.942 -0.339 -21.33 61.22 1.0747864904249589 112.54208205357915 -3 127 127 126
-0.43 0.935 -0.343 -23.35 59.53 1.0847921459892675 114.69737233764383 -3 127 127 126
-0.458 0.936 -0.351 -24.62 58.35 1.0995730989797814 116.0732539891321 -3 127 126 126
-0.475 0.926 -0.367 -25.5 57.05 1.1035352282550839 117.15596220149735 -3 127 126 126
-0.491 0.885 -0.371 -27.1 55.19 1.0779364545278167 119.02161229110364 -3 127 126 127
-0.478 0.866 -0.374 -26.87 54.98 1.05750460991903 118.89707485870106 -3 127 126 128
-0.442 0.849 -0.366 -25.55 55.94 1.0247541168495005 117.50204814312814 -3 127 126 128
-0.383 0.837 -0.37 -22.71 57.53 0.9920473779008743 114.58819848092739 -3 126 125 128
-0.228 0.833 -0.352 -14.15 63.28 0.9326183571000519 105.30748611161155 -1 126 124 128
-0.167 0.842 -0.355 -10.36 65.02 0.9289122671167606 101.2183011935409 -1 125 123 129
-0.12 0.863 -0.364 -7.3 66.05 0.9442801491083035 97.91620902401395 -1 125 123 129
-0.069 0.885 -0.349 -4.15 68.1 0.9538275525481532 94.45810997809842 -1 125 123 130
-0.023 0.914 -0.373 -1.33 67.76 0.9874482264908879 91.44149329960068 -1 125 124 130
0.044 0.937 -0.366 2.5 68.52 1.0069066490991108 87.31145813675558 1 125 124 130
0.092 0.941 -0.362 5.21 68.35 1.0124174040384726 84.41603382638208 1 125 124 129
0.148 0.95 -0.368 8.27 67.34 1.0294794801257574 81.14510002928513 1 125 124 128
0.16 0.962 -0.365 8.84 67.5 1.0412823824496407 80.55699531636483 1 125 124 128
0.157 0.978 -0.368 8.54 67.75 1.056672607764581 80.88002194404123 1 126 124 128
0.156 1.003 -0.36 8.33 68.64 1.0770074280152389 81.15942488384545 1 126 125 128
0.146 1.007 -0.34 7.82 69.82 1.07283036869768 81.75044866077485 1 127 125 127
0.118 0.986 -0.326 6.48 70.63 1.0451774968874905 83.1755583031131 1 127 125 127
0.102 0.979 -0.312 5.67 71.46 1.0325642837131255 84.05193076987592 1 127 125 127
0.058 0.978 -0.286 3.26 73.39 1.0206096217457485 86.6060659368474 1 127 125 127
-0.003 1.001 -0.249 -0.17 76.03 1.0315090886657277 90.171715108801 -1 126 126 127
-0.023 1.035 -0.238 -1.24 76.99 1.0622607966031692 91.27303002005672 -1 126 126 127
-0.055 1.053 -0.233 -2.92 77.19 1.0798717516446108 92.9899400207914 -1 126 126 127
-0.049 1.063 -0.236 -2.58 77.22 1.0899844035581425 92.63923540818915 -1 126 126 127
-0.04 1.064 -0.254 -2.09 76.41 1.094628704173246 92.15296278910047 -1 126 126 127
-0.04 1.064 -0.254 -2.09 76.41 1.094628704173246 92.15296278910047 -1 126 126 127
-0.038 1.047 -0.253 -2.02 76.27 1.0778042493885427 92.07859061543986 -1 126 127 127
-0.03 1.041 -0.253 -1.6 76.25 1.0717229119506588 91.65071832792269 -1 126 127 127
-0.03 1.02 -0.267 -1.63 75.24 1.0547933446889017 91.6846843178963 -1 126 127 127
-0.031 1.004 -0.264 -1.71 75.17 1.0385918351306254 91.76853092224073 -1 126 127 127
-0.023 0.987 -0.265 -1.29 74.92 1.0222147523881662 91.33491841168195 -1 126 127 127
-0.02 0.972 -0.28 -1.13 73.89 1.0117232823257554 91.17875916991125 -1 126 127 127
-0.024 0.96 -0.28 -1.37 73.68 1.0002879585399396 91.43209618416465 -1 126 127 127
-0.017 0.962 -0.278 -0.97 73.85 1.0015073639269958 91.01239800420433 -1 126 127 127
-0.022 0.964 -0.281 -1.26 73.7 1.0043609908792754 91.30735309478005 -1 126 127 127
-0.027 0.97 -0.276 -1.53 74.05 1.0088632216509827 91.59441928109247 -1 126 127 127
-0.03 0.972 -0.278 -1.7 73.95 1.0114188054411486 91.76782705585607 -1 126 127 127
-0.029 0.98 -0.278 -1.63 74.08 1.0190804678728762 91.6949927131516 -1 126 127 127
-0.026 0.988 -0.286 -1.45 73.79 1.0288906647452878 91.50743575877497 -1 126 127 127
-0.017 1 -0.289 -0.94 73.85 1.0410619578103888 90.97393443660117 -1 126 127 127
-0.012 1.001 -0.285 -0.66 74.09 1.0408506136809448 90.68682959094266 -1 126 127 127
-0.007 0.999 -0.287 -0.39 73.97 1.0394320564616044 90.40146535820438 -1 126 127 127
-0.004 0.999 -0.285 -0.22 74.08 1.0388657276087223 90.22941130461047 -1 126 127 127
0.004 1.003 -0.278 0.22 74.51 1.0408213103121975 89.7715035861865 1 126 127 127
0.002 1.003 -0.28 0.11 74.4 1.0413515256626842 89.8857513388331 1 126 127 127
0.004 1.001 -0.28 0.22 74.37 1.0394310943973148 89.77104705475024 1 127 127 127
0.01 0.994 -0.289 0.55 73.78 1.035208674615896 89.42360315246579 1 127 127 128
0.01 0.979 -0.293 0.56 73.33 1.0219540107069398 89.41477234969345 1 127 127 128
0.019 0.967 -0.294 1.08 73.06 1.0108837717561796 88.87437460960376 1 127 127 128
0.028 0.97 -0.303 1.58 72.58 1.0166085775754599 88.34656034791215 1 127 127 128
0.042 0.976 -0.301 2.35 72.7 1.0222235567624138 87.53592318993378 1 126 127 128
0.066 0.998 -0.297 3.63 73.05 1.0433451011050947 86.21640974890016 1 126 127 128
0.102 1.033 -0.296 5.42 73.14 1.0794021493400872 84.36080685752592 1 126 127 128
0.151 1.069 -0.293 7.76 72.86 1.1186648291601913 81.95996167359688 1 126 127 129
0.299 1.086 -0.286 14.91 69.14 1.162150162414479 74.60658294644477 -3 127 128 129
0.388 1.078 -0.306 19.1 65.37 1.1858600254667497 70.20488790402779 -3 127 128 128
0.46 1.052 -0.332 22.64 61.66 1.1952104417214569 66.38205170855186 -3 127 128 127
0.506 1.019 -0.367 25.04 58.47 1.1954438506262015 63.5926019064157 -3 127 128 125
0.505 0.977 -0.399 25.57 56.62 1.1699380325470234 62.66608049096495 -3 127 127 124
0.466 0.927 -0.409 24.7 56.22 1.1152425745101378 63.311466730670304 -3 127 127 124
0.412 0.884 -0.42 22.83 56.35 1.061885116196663 65.01149887810575 1 128 128 124
0.363 0.863 -0.418 20.73 57.32 1.0253106846219833 67.1871255971722 1 128 128 124
0.313 0.862 -0.477 17.63 56.5 1.0337030521382822 70.04358239899115 1 129 129 124
0.281 0.859 -0.475 15.97 57.28 1.0210127325356917 71.88580796337136 1 128 130 123
0.229 0.86 -0.439 13.34 60.07 0.9923517521524311 75.08931812043357 1 128 130 123
0.165 0.847 -0.41 9.95 62.44 0.9553711320738134 78.97654403625687 1 127 130 122
0.087 0.826 -0.369 5.49 65.35 0.9088487222855077 83.987383267396 1 126 130 121
-0.06 0.813 -0.254 -4.03 72.2 0.8538647433873822 94.22081894528648 -1 124 129 120
-0.302 0.796 -0.215 -20.12 65.03 0.8780916808625395 110.77659428512116 -3 123 126 119
-0.057 0.985 -0.297 -3.17 72.93 1.030380026980337 93.3118997662088 -1 126 129 126
-0.047 0.989 -0.302 -2.6 72.83 1.0351492645990723 92.72080601895078 -1 126 129 126
-0.041 0.985 -0.308 -2.28 72.49 1.0328455838120236 92.38352454728089 -1 126 128 126
-0.044 0.987 -0.297 -2.44 73.08 1.0316559504020708 92.55252913263865 -1 126 127 127
-0.044 0.982 -0.281 -2.47 73.85 1.0223605039319545 92.56550839608097 -1 127 127 127
-0.041 0.983 -0.281 -2.3 73.89 1.0231964620736334 92.38836842760792 -1 127 127 127
-0.044 0.984 -0.284 -2.46 73.72 1.0251087747161274 92.56030089390866 -1 127 126 127
-0.046 0.986 -0.288 -2.56 73.52 1.0282295463562598 92.67109148564337 -1 127 126 127
-0.05 0.987 -0.286 -2.79 73.61 1.028817282125451 92.90004267060559 -1 127 126 127
-0.057 0.985 -0.287 -3.18 73.46 1.0275422132447893 93.3118997662088 -1 127 126 127
-0.057 0.984 -0.288 -3.18 73.39 1.0268636715747617 93.31525801440337 -1 127 126 127
-0.053 0.988 -0.288 -2.95 73.49 1.0304838669285414 93.07061589414869 -1 126 127 127
-0.051 0.989 -0.297 -2.83 73.05 1.0338911935015211 92.95197043805999 -1 126 126 127
-0.049 0.985 -0.3 -2.72 72.85 1.0308375235700338 92.84789923130471 -1 126 126 127
-0.05 0.979 -0.297 -2.8 72.9 1.02428023509194 92.92369971978312 -1 126 126 127
-0.047 0.972 -0.296 -2.65 72.86 1.0171573133001601 92.76831874299965 -1 126 126 127
-0.051 0.968 -0.296 -2.88 72.76 1.0135289833053616 93.01589414515591 -1 126 126 127
-0.051 0.964 -0.293 -2.9 72.85 1.0088339803951887 93.02838498284011 -1 126 126 127
-0.05 0.966 -0.29 -2.84 73.06 1.0098296886109062 92.96297592837107 -1 126 126 127
-0.049 0.973 -0.296 -2.76 72.86 1.018207248059058 92.88296345253954 -1 126 126 127
-0.045 0.975 -0.295 -2.53 72.98 1.0196445459080337 92.64254529406473 -1 127 126 127
-0.042 0.98 -0.299 -2.35 72.88 1.0254584340674173 92.45403167452709 -1 127 126 127
-0.04 0.985 -0.302 -2.22 72.81 1.0310329771641642 92.3254544207753 -1 127 126 127
-0.041 0.988 -0.306 -2.27 72.65 1.0351140033832023 92.3762954337532 -1 127 126 127
-0.042 0.988 -0.309 -2.32 72.48 1.0360448831976345 92.43418497168211 -1 127 126 127
-0.047 0.987 -0.31 -2.6 72.38 1.0356051371058372 92.72631099390628 -1 127 126 127
-0.048 0.986 -0.309 -2.66 72.4 1.0343988592414437 92.78704659558083 -1 127 126 127
-0.048 0.986 -0.307 -2.66 72.51 1.0338031727558201 92.78704659558083 -1 127 126 127
-0.049 0.985 -0.306 -2.72 72.54 1.0325996319968356 92.84789923130471 -1 127 126 127
-0.053 0.98 -0.312 -2.95 72.1 1.0298315396218936 93.09563359044378 -1 127 126 126
-0.054 0.973 -0.313 -3.02 71.92 1.0235301656521902 93.1765687480831 -1 127 126 126
-0.052 0.97 -0.316 -2.92 71.73 1.0214988986778204 93.06858902486066 -1 127 126 126
-0.05 0.974 -0.32 -2.79 71.61 1.0264385027852376 92.93868220446667 -1 126 126 126
-0.042 0.98 -0.322 -2.33 71.67 1.0323991476168508 92.45403167452709 -1 127 126 126
-0.028 0.988 -0.322 -1.54 71.88 1.0395248914768707 91.62333252509048 -1 127 126 126
-0.007 0.997 -0.321 -0.38 72.15 1.0474249376446982 90.40227067852213 -1 127 126 126
0.012 1 -0.321 0.65 72.19 1.0503261398251498 89.3124836453609 1 127 126 126
0.034 0.997 -0.325 1.86 71.85 1.0491853982971742 88.04683866139173 1 127 125 126
0.068 0.999 -0.344 3.68 70.66 1.0587544568973488 86.10599355146643 1 127 125 126
0.065 0.993 -0.353 3.53 70.13 1.0558802015380342 86.25486390458329 1 127 125 126
0.06 0.987 -0.364 3.26 69.51 1.053691131214456 86.52125485985505 1 127 124 126
0.048 0.977 -0.374 2.63 68.9 1.047238750237977 87.18732052471388 1 127 124 126
0.021 0.942 -0.418 1.17 66.04 1.0307904733746813 88.72291708474505 1 126 125 126
-0.054 0.934 -0.372 -3.07 68.08 1.0068048470284596 93.30892035687583 -1 126 126 126
-0.095 0.929 -0.361 -5.44 68.11 1.001192788627645 95.83879871679171 -1 126 127 125
-0.136 0.926 -0.338 -7.86 68.52 0.9950959752707274 98.35519794242923 -1 126 127 125
-0.064 0.936 -0.352 -3.66 69.08 1.0020459071320036 93.91157181252868 -1 126 128 126
-0.09 0.942 -0.302 -5.2 71.5 0.9933116328725844 95.4575534851046 -1 126 128 126
-0.07 0.936 -0.336 -4.03 69.86 0.9969413222451962 94.27697892698087 -1 126 128 127
-0.076 0.929 -0.34 -4.39 69.44 0.9921779074339441 94.67686090785905 -1 126 128 127
-0.215 0.918 -0.318 -12.48 67.31 0.9950241203106587 103.18136602804728 -1 126 127 126
-0.222 0.919 -0.317 -12.86 67.16 0.9971629756464087 103.5805914103189 -1 126 127 126
-0.221 0.918 -0.318 -12.82 67.13 0.9963377941240611 103.53585636913427 -1 126 127 126
-0.225 0.927 -0.309 -12.97 67.59 1.0027138175970252 103.64291477599008 -1 126 127 126
-0.215 0.93 -0.312 -12.36 67.83 1.0042255722694977 103.01711218907751 -1 126 127 126
-0.207 0.935 -0.312 -11.86 68.18 1.0071832008130397 102.48338123134495 -1 126 127 126
-0.215 0.94 -0.313 -12.24 68 1.0138017557688486 102.88327651326857 -1 126 127 126
-0.212 0.953 -0.316 -11.92 68.23 1.0261622678699505 102.54153868983592 -1 126 127 126
-0.203 0.96 -0.314 -11.36 68.72 1.030245116465009 101.93978275058845 -1 126 127 126
-0.196 0.966 -0.317 -10.91 68.9 1.0354037859695127 101.46953033286691 -1 126 127 127
-0.192 0.967 -0.319 -10.68 68.94 1.0362017178136695 101.2301492638817 -1 126 127 127
-0.183 0.962 -0.317 -10.24 69.17 1.0292822742085865 100.77061300599206 -1 126 127 127
-0.165 0.957 -0.323 -9.28 69.24 1.0234270858248768 99.7824070318073 -1 126 126 127
-0.158 0.954 -0.327 -8.9 69.16 1.0207884207807219 99.40387702648138 -1 126 126 127
-0.133 0.952 -0.323 -7.54 69.85 1.0140621282742 97.95308197143841 -1 126 126 127
-0.12 0.959 -0.325 -6.76 70.14 1.0196597471705942 97.1323695033164 -1 126 126 127
-0.114 0.961 -0.329 -6.4 70.08 1.0221340420903708 96.7651783222225 -1 126 126 127
-0.105 0.958 -0.332 -5.91 70.03 1.019319871286732 96.25484230363486 -1 126 126 127
-0.091 0.956 -0.333 -5.14 70.15 1.0164182210094426 95.4375037271519 -1 126 126 127
-0.074 0.955 -0.337 -4.18 70.14 1.0154161708383416 94.43081924838913 -1 126 126 127
-0.051 0.956 -0.344 -2.87 70.01 1.0172870784591732 93.0536793519574 -1 126 126 127
-0.003 0.974 -0.354 -0.17 70.03 1.0363401951096947 90.17647514885286 -1 126 126 127
0.025 0.984 -0.363 1.37 69.71 1.0491186777481374 88.5446276339951 1 126 126 127
0.048 0.985 -0.369 2.61 69.3 1.0529434932606783 87.21012838350075 1 126 126 126
0.055 0.985 -0.372 2.99 69.1 1.054340552193645 86.8040619864041 1 127 126 126
0.048 0.982 -0.364 2.62 69.5 1.0483911483792678 87.20161888119435 1 127 126 126
-0.023 0.963 -0.35 -1.29 69.99 1.0248892623108117 91.36817491449413 -1 127 127 125
-0.074 0.955 -0.328 -4.19 70.6 1.012464814203437 94.43081924838913 -1 127 127 125
-0.116 0.934 -0.323 -6.69 69.82 0.9950582897499021 97.07971131392142 -1 127 128 125
-0.146 0.913 -0.32 -8.58 68.93 0.9784094235032694 99.0853817284285 -1 127 128 125
-0.178 0.898 -0.307 -10.62 68.44 0.9655759939020854 101.21173928906948 -1 126 128 125
-0.204 0.893 -0.293 -12.25 68.21 0.9617244927732682 102.86803275379492 -1 126 128 124
-0.219 0.896 -0.306 -13.02 67.22 0.9718091376396911 103.73492739477743 -1 126 128 124
-0.263 0.93 -0.305 -15.04 66.59 1.013456461817675 105.79067487127048 -1 126 127 125
-0.275 0.945 -0.313 -15.44 66.21 1.0327724822050595 106.22527536117822 -1 126 127 126
-0.277 0.952 -0.332 -15.36 65.57 1.0455893075199267 106.223220307421 -1 126 127 126
-0.273 0.957 -0.336 -15.06 65.66 1.0503685067632216 105.92167094181792 -1 126 127 126
-0.268 0.96 -0.341 -14.74 65.69 1.053425365177809 105.59796158465998 -1 126 127 127
-0.251 0.963 -0.35 -13.76 65.9 1.0549265377266797 104.60876327659196 -1 126 127 127
-0.229 0.972 -0.348 -12.51 66.8 1.057510756446477 103.25694645702875 -1 126 127 127
-0.224 0.975 -0.342 -12.23 67.25 1.0572440588624747 102.93881062587691 -1 126 126 127
-0.227 0.958 -0.345 -12.57 66.68 1.0432248079872333 103.33049227620207 -1 126 126 127
-0.219 0.958 -0.338 -12.17 67.2 1.0392155695523426 102.87662549758362 -1 126 126 127
-0.209 0.952 -0.337 -11.69 67.39 1.0312875447710983 102.38215735848728 -1 126 126 127
-0.185 0.945 -0.34 -10.44 67.73 1.021200274187194 101.07654973416832 -1 126 126 127
-0.135 0.947 -0.342 -7.64 68.78 1.0158730235615079 98.11316096508345 -1 126 126 127
-0.126 0.942 -0.346 -7.16 68.65 1.0114128731630816 97.61854648756895 -1 126 126 127
-0.125 0.941 -0.352 -7.09 68.35 1.0124277752017672 97.5667233947073 -1 126 126 127
-0.125 0.942 -0.351 -7.09 68.42 1.0130103651986981 97.55878370598454 -1 126 126 127
-0.128 0.947 -0.343 -7.24 68.86 1.0153038953929014 97.69765759044053 -1 126 126 127
-0.133 0.949 -0.346 -7.5 68.66 1.0188257947264585 97.97790022821883 -1 126 126 127
-0.135 0.95 -0.344 -7.61 68.74 1.0193434161262827 98.08787997453803 -1 126 126 127
-0.144 0.956 -0.335 -8.09 69.12 1.0231798473386777 98.56593077299165 -1 126 126 126
-0.149 0.953 -0.338 -8.38 68.81 1.022083166870485 98.88616112990667 -1 126 127 126
-0.159 0.95 -0.332 -8.98 68.82 1.0188253039653068 99.50143862421362 -1 126 127 126
-0.171 0.95 -0.329 -9.65 68.68 1.0197950774542894 100.2039737217317 -1 126 127 126
-0.188 0.951 -0.329 -10.58 68.28 1.0237118735269217 101.18242842096497 -1 126 127 126
-0.208 0.95 -0.33 -11.69 67.68 1.0269683539428076 102.34987879869955 -1 126 127 126
-0.238 0.949 -0.33 -13.33 66.79 1.0325429773137775 104.0788531126591 -1 126 127 126
-0.341 0.95 -0.333 -18.71 63.36 1.0628593509961701 109.74546667955816 -3 127 127 126
-0.391 0.942 -0.339 -21.33 61.22 1.0747864904249589 112.54208205357915 -3 127 127 126
-0.43 0.935 -0.343 -23.35 59.53 1.0847921459892675 114.69737233764383 -3 127 127 126
-0.458 0.936 -0.351 -24.62 58.35 1.0995730989797814 116.0732539891321 -3 127 126 126
-0.475 0.926 -0.367 -25.5 57.05 1.1035352282550839 117.15596220149735 -3 127 126 126
-0.491 0.885 -0.371 -27.1 55.19 1.0779364545278167 119.02161229110364 -3 127 126 127
-0.478 0.866 -0.374 -26.87 54.98 1.05750460991903 118.89707485870106 -3 127 126 128
-0.442 0.849 -0.366 -25.55 55.94 1.0247541168495005 117.50204814312814 -3 127 126 128
-0.383 0.837 -0.37 -22.71 57.53 0.9920473779008743 114.58819848092739 -3 126 125 128
-0.228 0.833 -0.352 -14.15 63.28 0.9326183571000519 105.30748611161155 -1 126 124 128
-0.167 0.842 -0.355 -10.36 65.02 0.9289122671167606 101.2183011935409 -1 125 123 129
-0.12 0.863 -0.364 -7.3 66.05 0.9442801491083035 97.91620902401395 -1 125 123 129
-0.069 0.885 -0.349 -4.15 68.1 0.9538275525481532 94.45810997809842 -1 125 123 130
-0.023 0.914 -0.373 -1.33 67.76 0.9874482264908879 91.44149329960068 -1 125 124 130
0.044 0.937 -0.366 2.5 68.52 1.0069066490991108 87.31145813675558 1 125 124 130
0.092 0.941 -0.362 5.21 68.35 1.0124174040384726 84.41603382638208 1 125 124 129
0.148 0.95 -0.368 8.27 67.34 1.0294794801257574 81.14510002928513 1 125 124 128
0.16 0.962 -0.365 8.84 67.5 1.0412823824496407 80.55699531636483 1 125 124 128
0.157 0.978 -0.368 8.54 67.75 1.056672607764581 80.88002194404123 1 126 124 128
0.156 1.003 -0.36 8.33 68.64 1.0770074280152389 81.15942488384545 1 126 125 128
0.146 1.007 -0.34 7.82 69.82 1.07283036869768 81.75044866077485 1 127 125 127
0.118 0.986 -0.326 6.48 70.63 1.0451774968874905 83.1755583031131 1 127 125 127
0.102 0.979 -0.312 5.67 71.46 1.0325642837131255 84.05193076987592 1 127 125 127
0.058 0.978 -0.286 3.26 73.39 1.0206096217457485 86.6060659368474 1 127 125 127
-0.003 1.001 -0.249 -0.17 76.03 1.0315090886657277 90.171715108801 -1 126 126 127
-0.023 1.035 -0.238 -1.24 76.99 1.0622607966031692 91.27303002005672 -1 126 126 127
-0.055 1.053 -0.233 -2.92 77.19 1.0798717516446108 92.9899400207914 -1 126 126 127
-0.049 1.063 -0.236 -2.58 77.22 1.0899844035581425 92.63923540818915 -1 126 126 127
-0.04 1.064 -0.254 -2.09 76.41 1.094628704173246 92.15296278910047 -1 126 126 127
-0.04 1.064 -0.254 -2.09 76.41 1.094628704173246 92.15296278910047 -1 126 126 127
-0.038 1.047 -0.253 -2.02 76.27 1.0778042493885427 92.07859061543986 -1 126 127 127
-0.03 1.041 -0.253 -1.6 76.25 1.0717229119506588 91.65071832792269 -1 126 127 127
-0.03 1.02 -0.267 -1.63 75.24 1.0547933446889017 91.6846843178963 -1 126 127 127
-0.031 1.004 -0.264 -1.71 75.17 1.0385918351306254 91.76853092224073 -1 126 127 127
-0.023 0.987 -0.265 -1.29 74.92 1.0222147523881662 91.33491841168195 -1 126 127 127
-0.02 0.972 -0.28 -1.13 73.89 1.0117232823257554 91.17875916991125 -1 126 127 127
-0.024 0.96 -0.28 -1.37 73.68 1.0002879585399396 91.43209618416465 -1 126 127 127
-0.017 0.962 -0.278 -0.97 73.85 1.0015073639269958 91.01239800420433 -1 126 127 127
-0.022 0.964 -0.281 -1.26 73.7 1.0043609908792754 91.30735309478005 -1 126 127 127
-0.027 0.97 -0.276 -1.53 74.05 1.0088632216509827 91.59441928109247 -1 126 127 127
-0.03 0.972 -0.278 -1.7 73.95 1.0114188054411486 91.76782705585607 -1 126 127 127
-0.029 0.98 -0.278 -1.63 74.08 1.0190804678728762 91.6949927131516 -1 126 127 127
-0.026 0.988 -0.286 -1.45 73.79 1.0288906647452878 91.50743575877497 -1 126 127 127
-0.017 1 -0.289 -0.94 73.85 1.0410619578103888 90.97393443660117 -1 126 127 127
-0.012 1.001 -0.285 -0.66 74.09 1.0408506136809448 90.68682959094266 -1 126 127 127
-0.007 0.999 -0.287 -0.39 73.97 1.0394320564616044 90.40146535820438 -1 126 127 127
-0.004 0.999 -0.285 -0.22 74.08 1.0388657276087223 90.22941130461047 -1 126 127 127
0.004 1.003 -0.278 0.22 74.51 1.0408213103121975 89.7715035861865 1 126 127 127
0.002 1.003 -0.28 0.11 74.4 1.0413515256626842 89.8857513388331 1 126 127 127
0.004 1.001 -0.28 0.22 74.37 1.0394310943973148 89.77104705475024 1 127 127 127
0.01 0.994 -0.289 0.55 73.78 1.035208674615896 89.42360315246579 1 127 127 128
0.01 0.979 -0.293 0.56 73.33 1.0219540107069398 89.41477234969345 1 127 127 128
0.019 0.967 -0.294 1.08 73.06 1.0108837717561796 88.87437460960376 1 127 127 128
0.028 0.97 -0.303 1.58 72.58 1.0166085775754599 88.34656034791215 1 127 127 128
0.042 0.976 -0.301 2.35 72.7 1.0222235567624138 87.53592318993378 1 126 127 128
0.066 0.998 -0.297 3.63 73.05 1.0433451011050947 86.21640974890016 1 126 127 128
0.102 1.033 -0.296 5.42 73.14 1.0794021493400872 84.36080685752592 1 126 127 128
0.151 1.069 -0.293 7.76 72.86 1.1186648291601913 81.95996167359688 1 126 127 129
0.299 1.086 -0.286 14.91 69.14 1.162150162414479 74.60658294644477 -3 127 128 129
0.388 1.078 -0.306 19.1 65.37 1.1858600254667497 70.20488790402779 -3 127 128 128
0.46 1.052 -0.332 22.64 61.66 1.1952104417214569 66.38205170855186 -3 127 128 127
0.506 1.019 -0.367 25.04 58.47 1.1954438506262015 63.5926019064157 -3 127 128 125
0.505 0.977 -0.399 25.57 56.62 1.1699380325470234 62.66608049096495 -3 127 127 124
0.466 0.927 -0.409 24.7 56.22 1.1152425745101378 63.311466730670304 -3 127 127 124
0.412 0.884 -0.42 22.83 56.35 1.061885116196663 65.01149887810575 1 128 128 124
0.363 0.863 -0.418 20.73 57.32 1.0253106846219833 67.1871255971722 1 128 128 124
0.313 0.862 -0.477 17.63 56.5 1.0337030521382822 70.04358239899115 1 129 129 124
0.281 0.859 -0.475 15.97 57.28 1.0210127325356917 71.88580796337136 1 128 130 123
0.229 0.86 -0.439 13.34 60.07 0.9923517521524311 75.08931812043357 1 128 130 123
0.165 0.847 -0.41 9.95 62.44 0.9553711320738134 78.97654403625687 1 127 130 122
0.087 0.826 -0.369 5.49 65.35 0.9088487222855077 83.987383267396 1 126 130 121
-0.06 0.813 -0.254 -4.03 72.2 0.8538647433873822 94.22081894528648 -1 124 129 120
-0.302 0.796 -0.215 -20.12 65.03 0.8780916808625395 110.77659428512116 -3 123 126 119
-0.424 0.763 -0.206 -28.21 58.29 0.8968729006944072 119.06097950569522 -3 123 126 119
-0.546 0.734 -0.216 -35.51 51.34 0.9399617013474539 126.64442350779733 -3 123 126 119
-0.617 0.718 -0.217 -39.44 47.67 0.9712373551300424 130.6735051446549 -3 123 126 120
-0.643 0.727 -0.23 -40.14 46.79 0.9974357122140753 131.49136647821322 -3 122 127 121
-0.673 0.751 -0.231 -40.58 46.55 1.0345486938757402 131.8647406836797 -3 123 128 121
-0.682 0.8 -0.228 -39.35 48.05 1.0756895462911222 130.44759193206093 -3 123 128 123
-0.644 0.881 -0.233 -35.25 52.14 1.115879025701263 126.16633747713212 -3 124 128 125
-0.641 0.91 -0.229 -34.34 53.2 1.1364074973353528 125.16069794636141 -3 125 128 125
-0.61 0.936 -0.234 -32.3 55.08 1.1414692286697876 123.09266545685686 -3 126 127 126
-0.578 0.951 -0.24 -30.51 56.65 1.1384572894931104 121.29045107170539 -3 126 127 126
-0.537 0.964 -0.23 -28.45 58.78 1.1271934172980251 119.12016565251297 -3 127 126 126
-0.487 0.969 -0.234 -26.04 60.86 1.1094530183833833 116.68318663753246 -3 127 126 127
-0.444 0.971 -0.227 -24 62.82 1.0915612671765154 114.57274904498811 -3 127 126 127
-0.412 0.971 -0.227 -22.45 64.15 1.078941147607227 112.99174744287087 -3 127 126 127
-0.43 0.968 -0.239 -23.33 63.06 1.0858383857646587 113.95150435440735 -3 127 125 128
-0.499 0.962 -0.252 -26.65 59.84 1.112631565254195 117.41626715187691 -3 127 125 128
-0.602 0.95 -0.271 -31.36 55.2 1.1568686182968229 122.36178968060176 -3 128 125 128
-0.715 0.928 -0.293 -36.31 50.22 1.2075835374830182 127.61332173206982 -3 128 124 129
-0.844 0.846 -0.306 -43.17 43.3 1.233567185036956 134.93219437542567 -3 129 125 131
-0.803 0.82 -0.287 -42.75 43.88 1.1830376156318951 134.3998813107471 -3 128 126 131
-0.709 0.813 -0.278 -39.53 46.87 1.11397217200431 131.09099023813368 -3 128 127 132
-0.578 0.807 -0.268 -34.21 51.71 1.0281814042278725 125.61148657825073 -3 128 127 132
-0.443 0.813 -0.26 -27.43 57.71 0.9616745811343876 118.58576533962896 -3 127 128 132
