0.139 1.003 0.025 7.89 81.98 1.012894367641562 82.10996235629965 3 127 128 128
0.187 1.008 0.091 10.47 78.34 1.0292298091291372 79.49020527255885 3 127 128 127
0.175 0.999 0.114 9.87 78.19 1.0205988438167075 80.06401622813695 3 127 128 127
0.191 0.997 0.126 10.76 77.07 1.0229203292534566 79.15497670801588 3 128 128 126
0.211 0.929 0.17 12.59 73.74 0.9677096672039606 77.20373129838622 3 128 129 125
0.158 0.953 0.109 9.35 78.61 0.9721388789674035 80.58643184718584 3 128 129 125
0.104 0.987 0.088 5.99 82.14 0.9963578674351902 83.98495050268157 3 128 129 125
0.007 1 0.11 0.4 83.71 1.0060561614542203 89.59893609403329 1 128 129 125
-0.005 1.03 0.1 -0.28 84.45 1.0348550623154917 90.27813266729638 -1 128 129 124
-0.042 1.074 0.08 -2.23 85.19 1.0777940434053253 92.23947593795188 -1 127 129 125
-0.033 1.067 0.07 -1.77 85.85 1.069802785563769 91.77146974003408 -1 127 129 125
-0.008 1.055 0.063 -0.43 86.56 1.056909646090904 90.43446203877635 -1 127 128 126
0.063 1.033 -0.028 3.49 86.18 1.0352980247252477 86.51000119270269 -3 128 127 127
0.106 1.038 -0.028 5.83 83.97 1.0437739218815538 84.16919846083982 -3 129 126 127
0.126 1.042 0.006 6.89 83.1 1.049607545704584 83.10519471472259 3 129 126 128
0.113 1.037 0.003 6.22 83.78 1.043142847360801 83.78112033093792 3 129 127 128
0.107 1.045 0.005 5.85 84.15 1.0504756065706617 84.15372515270886 3 129 127 128
0.088 1.049 0.028 4.79 84.97 1.0530569785154078 85.20471816918055 3 128 127 127
0.032 1.035 0.013 1.77 88.09 1.0355761681305726 88.2291004182837 3 126 127 127
0.036 1.026 -0.044 2.01 86.83 1.027573841628912 87.99044618697886 1 124 126 127
0.054 1.022 -0.041 3.02 86.2 1.0242465523495796 86.97544261522768 -3 123 126 126
0.042 1.031 -0.031 2.33 87.1 1.032320686608575 87.66722318297991 -3 124 126 126
0.027 1.044 -0.001 1.48 88.52 1.0443495583376285 88.51854282911292 -3 123 126 126
0.049 1.06 0.013 2.65 87.26 1.0612115717424118 87.35330566402087 3 124 126 126
0.045 1.067 0.029 2.41 87.13 1.068342173650371 87.5850205714157 3 124 126 126
0.032 1.041 0.052 1.76 86.64 1.0427890486574933 88.23930088909464 1 125 126 126
0.054 1.019 0.019 3.03 86.78 1.0206066823218432 86.96655473433262 3 126 126 125
0.034 0.994 0.026 1.96 87.53 0.9949211023995822 88.04094839467466 3 127 126 125
0.021 0.978 0.031 1.23 87.81 0.9787165064511786 88.76991155224265 1 127 126 125
0.018 0.987 0.011 1.04 88.78 0.9872254048594982 88.95520798619351 3 127 127 125
0.003 0.987 -0.006 0.17 89.61 0.9870227960893304 89.82584923079341 1 128 127 125
-0.006 0.997 0.008 -0.34 89.43 0.9970501491900996 90.34480494183445 -1 128 128 125
-0.033 1.003 -0.027 -1.88 87.57 1.0039058720816407 91.8844256432534 -3 128 128 125
-0.064 1.013 -0.07 -3.61 84.65 1.0174305873129623 93.6150667667524 -1 128 128 126
-0.104 1.051 -0.176 -5.57 78.99 1.070697436253585 95.6512137000584 -1 128 128 126
-0.12 1.074 -0.265 -6.19 74.84 1.112699869686341 96.3753209748085 -1 128 128 127
-0.106 1.102 -0.354 -5.23 71.46 1.1623063279531778 95.49430594452897 -1 128 128 127
-0.076 1.114 -0.458 -3.61 67.38 1.2068703327201313 93.90282075803789 -1 129 128 127
0.037 1.059 -0.615 1.73 59.81 1.2251836597016792 87.99897841081204 1 129 128 128
0.122 1.02 -0.606 5.87 58.78 1.1926944285943488 83.17937758739168 1 128 128 128
0.167 1.015 -0.603 8.05 58.35 1.1923602643496636 80.65671951514986 1 127 127 128
0.213 0.991 -0.539 10.69 59.68 1.148029180813798 77.86971188533093 1 127 126 128
0.224 0.97 -0.447 11.84 62.73 1.0912767751583463 76.99675562502672 1 126 125 128
0.231 0.964 -0.348 12.7 66.57 1.0506003045878103 76.52449986658638 1 125 124 127
0.214 0.944 -0.255 12.34 70.58 1.0009780217367412 77.22721801223659 1 124 123 127
0.126 0.971 0.025 7.39 82.46 0.9794600553366124 82.60643433289721 3 123 123 124
0.08 0.992 0.151 4.56 80.23 1.0066106496555656 85.3893506813394 1 123 122 124
0.019 0.964 0.265 1.09 74.59 0.9999409982593973 88.87087253150581 1 124 122 123
-0.038 0.92 0.361 -2.2 68.47 0.9890222444414484 92.36522035663369 -1 124 122 123
-0.039 0.846 0.448 -2.33 62.01 0.9580923755045752 92.63942613790726 -1 124 123 123
-0.112 0.787 0.659 -6.23 49.66 1.0325667048670513 98.09952286256755 -1 124 123 123
-0.121 0.835 0.763 -6.11 47.23 1.137556591998833 98.24534681056701 -1 124 124 124
-0.114 0.897 0.866 -5.22 45.76 1.2520227633713374 97.24290873296394 -1 124 124 124
-0.1 0.963 0.94 -4.25 45.53 1.3494328438273613 95.92846915227051 -1 126 125 126
