0.177 1 -0.214 9.82 74.48 1.0378463277383603 79.9626059055739 1 125 126 126
0.187 0.997 -0.222 10.37 73.77 1.038393952216595 79.37687498609624 1 125 127 126
0.149 0.981 -0.218 8.43 74.93 1.0159163351378893 81.3635912226821 1 125 127 126
0.152 1 -0.201 8.48 75.86 1.0312637877866166 81.35719741999546 1 125 127 126
0.142 0.988 -0.191 8.03 76.46 1.0162622692986294 81.8211905624965 1 125 127 126
0.137 0.993 -0.199 7.7 76.33 1.0219681991138472 82.14473420936986 1 125 127 126
0.136 1.002 -0.189 7.6 76.92 1.0286986925237145 82.27056090163619 1 125 127 126
0.185 1.004 -0.211 10.22 74.38 1.0424787767623858 79.55961969897618 1 126 127 125
0.191 1.004 -0.21 10.55 74.21 1.0433585193978148 79.22881449478471 1 126 127 126
0.184 0.995 -0.185 10.3 75.31 1.0286427951431925 79.52295777075662 1 126 127 126
0.173 0.981 -0.186 9.83 75.48 1.0133538375118536 79.99868404820448 1 126 127 126
0.167 0.971 -0.18 9.6 75.81 1.0015637773002775 80.24130647150025 1 125 127 126
0.123 0.947 -0.138 7.32 78.95 0.964874085049443 82.59963262868712 1 126 127 126
0.117 0.946 -0.136 6.98 79.26 0.9628608414511413 82.94953894995973 1 126 126 126
0.112 0.948 -0.13 6.68 79.74 0.9634043803097431 83.26211140524916 1 126 126 126
0.105 0.953 -0.124 6.24 80.32 0.9667522950580463 83.71260324445836 1 126 126 126
0.129 0.989 -0.145 7.35 78.9 1.0078625898405 82.5685920288275 1 126 126 126
0.125 0.996 -0.148 7.08 78.99 1.0146649693371699 82.84666496836125 1 126 126 126
0.127 1.003 -0.144 7.14 79.16 1.0212120249977474 82.78360290001021 1 126 126 126
0.122 1.008 -0.138 6.84 79.64 1.0246911729882326 83.09895819365182 1 126 126 126
0.116 1.005 -0.138 6.52 79.83 1.021041135312383 83.41589144348934 1 127 126 126
0.108 1.006 -0.139 6.07 80.08 1.0212839957621973 83.8724307776709 1 127 126 126
0.101 1.01 -0.146 5.65 80.03 1.0254837882677619 84.28940686250037 1 127 126 126
0.103 1.009 -0.148 5.77 79.87 1.0249848779372308 84.17136412067713 1 127 126 126
0.096 1.01 -0.153 5.37 79.86 1.026023878864425 84.57037645957406 1 127 126 126
0.093 1.009 -0.151 5.21 80.03 1.0244662024683877 84.733900211743 1 127 126 126
0.09 1.009 -0.151 5.04 80.12 1.024198223001778 84.9028647525024 1 126 126 126
0.095 1.009 -0.152 5.32 79.93 1.0247975409806562 84.62130800923941 1 126 126 127
0.103 1.005 -0.152 5.79 79.65 1.0216349641628364 84.1483262367795 1 126 126 127
0.106 1 -0.155 5.98 79.36 1.0174777638847936 83.9492419723827 1 126 126 127
0.103 0.996 -0.156 5.83 79.37 1.0133908426663425 84.09582154095806 1 126 126 127
0.1 0.995 -0.157 5.67 79.4 1.012261823838082 84.2609015019104 1 126 126 127
0.105 0.991 -0.16 5.97 79.07 1.0093096650681592 83.95187197633004 1 126 126 127
0.104 0.991 -0.169 5.91 78.68 1.0106720536355995 84.00905227992185 1 126 126 127
0.114 1.008 -0.195 6.34 77.37 1.0329980638897636 83.5475371119975 1 126 126 127
0.11 1.022 -0.226 6 76.18 1.0524542745411791 83.85678480341556 1 126 126 127
0.107 1.048 -0.281 5.63 73.99 1.090281614996786 84.17034524590152 1 126 126 127
0.109 1.111 -0.355 5.34 71.52 1.1714209320308393 84.39665438585682 1 126 126 127
0.095 1.229 -0.456 4.15 69.24 1.3143066613237568 85.57990498216797 1 125 125 127
0.072 1.334 -0.59 2.83 65.98 1.4604245957939768 86.91057171599206 1 124 125 127
0.037 1.402 -0.743 1.34 62.05 1.5871427157001352 88.48826541884358 1 124 125 127
-0.022 1.31 -1.007 -0.76 52.44 1.6524627075973604 90.96212875345299 -1 123 123 127
-0.02 1.099 -1.048 -0.75 46.36 1.5187182095438245 91.04257426187796 -1 123 122 128
0.029 0.846 -0.984 1.28 40.68 1.298003466867481 88.03672901454686 1 123 121 129
0.116 0.621 -0.82 6.43 36.86 1.0351313926260761 79.41934417878959 1 122 119 130
0.192 0.507 -0.566 14.18 40.31 0.7837531499139253 69.2584121015626 1 121 119 132
0.287 0.43 -0.264 29.63 47.8 0.5804868646231367 56.27919439783122 -3 119 120 132
0.458 0.377 0.1 49.58 38.81 0.6015754316791868 39.45930252015049 3 117 122 131
0.616 0.363 0.527 43.91 24.12 0.8882308258555318 30.510237406115554 2 116 124 130
0.648 0.468 1.366 24.17 17.2 1.5826825329168197 35.83765295427829 2 117 124 129
0.597 0.639 1.639 18.75 20.12 1.8577004602464844 46.94619511703076 1 120 125 129
0.517 0.823 1.694 15.35 24.92 1.953011520703347 57.86339100219803 1 123 125 128
