-0.027 0.986 -0.242 -1.52 76.13 1.0156224692276161 91.56855938355412 -1 127 127 126
-0.025 0.983 -0.253 -1.41 75.5 1.01534378414407 91.4568522698454 -1 127 127 126
-0.032 0.986 -0.248 -1.8 75.77 1.0172138418248151 91.85884546674865 -1 127 127 126
-0.043 0.985 -0.268 -2.41 74.59 1.021713267017709 92.49964998410506 -1 127 127 126
-0.041 0.991 -0.276 -2.28 74.27 1.0295329037966683 92.36911001380746 -1 127 126 126
-0.037 1 -0.275 -2.04 74.49 1.0377832143564474 92.11897723479117 -1 127 126 126
-0.034 1 -0.285 -1.87 73.99 1.040375413012053 91.9473063725609 -1 126 126 127
-0.022 1 -0.296 -1.21 73.47 1.0431203190428227 91.2603038465036 -1 126 126 127
-0.016 0.995 -0.302 -0.88 73.09 1.039944710068761 90.92125976728015 -1 126 126 127
-0.013 0.992 -0.304 -0.72 72.95 1.037616981356801 90.75080897072296 -1 126 126 127
-0.006 0.977 -0.304 -0.34 72.71 1.0232208950172978 90.351863209174 -1 126 126 127
-0.004 0.971 -0.295 -0.23 73.1 1.0148310204166997 90.23602659284653 -1 126 126 127
-0.003 0.966 -0.291 -0.17 73.23 1.008883541346572 90.1779366314104 -1 126 126 127
-0.007 0.962 -0.288 -0.4 73.33 1.0042096394677757 90.41690579859599 -1 126 126 127
-0.01 0.961 -0.282 -0.57 73.64 1.0015712655622664 90.59618846647304 -1 126 126 127
-0.012 0.962 -0.282 -0.69 73.65 1.0025527417547666 90.71467120204423 -1 126 126 127
-0.012 0.963 -0.283 -0.68 73.61 1.0037938035273977 90.71392914888561 -1 126 126 127
-0.018 0.978 -0.283 -1.01 73.83 1.0182813952930692 91.05440450352185 -1 126 126 126
-0.018 0.984 -0.29 -1.01 73.55 1.026001949315887 91.04797664600649 -1 126 126 126
-0.022 0.995 -0.302 -1.21 73.07 1.0400543255042016 91.26663497359432 -1 127 126 126
-0.028 1.014 -0.325 -1.51 72.17 1.0651783888156952 91.58173003704405 -1 127 126 126
-0.033 1.037 -0.36 -1.72 70.78 1.098206720066855 91.82268357666659 -1 128 127 126
-0.048 1.062 -0.369 -2.44 70.69 1.1253039589373175 92.58787850740532 -1 129 127 126
-0.058 1.099 -0.378 -2.86 70.81 1.1636361115056546 93.0209964605501 -1 129 127 126
-0.058 1.153 -0.376 -2.74 71.74 1.2141453784452667 92.87975406443402 -1 129 128 126
-0.05 1.157 -0.366 -2.36 72.29 1.2145390071957343 92.47450958351315 -1 128 128 126
-0.039 1.135 -0.383 -1.86 71.26 1.1985136628340956 91.96797937360193 -1 126 128 126
-0.034 1.09 -0.389 -1.68 70.29 1.1578328894965801 91.786628499095 -1 125 127 125
-0.033 1.025 -0.387 -1.73 69.25 1.0961217998014636 91.8440076641688 -1 124 127 125
-0.037 0.922 -0.383 -2.12 67.35 0.9990705680781514 92.29805524286256 -1 122 126 125
-0.048 0.886 -0.362 -2.87 67.6 0.9583026661759843 93.10102877237054 -1 122 126 125
-0.071 0.867 -0.338 -4.36 68.28 0.9332598780618397 94.68159528449688 -1 122 126 125
-0.117 0.863 -0.322 -7.24 68.35 0.9285160203249053 97.72072083456474 -1 123 126 125
-0.294 0.832 -0.288 -18.47 63.68 0.9282262655193506 109.46164500297989 -3 124 125 125
-0.423 0.815 -0.266 -26.26 58.49 0.9559864015769262 117.43014333061215 -3 124 125 125
-0.545 0.791 -0.241 -33.39 53.01 0.9903469089162648 124.56689087325996 -3 125 125 125
-0.655 0.754 -0.18 -40.2 47.98 1.0148600888792503 130.9808549646692 -3 126 124 126
-0.708 0.75 -0.142 -42.85 46.09 1.0411186291676853 133.34996060442214 -3 126 125 127
-0.684 0.764 -0.11 -41.55 47.8 1.0313350570983224 131.83770224786062 -3 127 126 128
-0.595 0.779 -0.079 -37.23 52.39 0.9834159852270046 127.37258185406256 -3 127 127 129
-0.451 0.801 -0.078 -29.27 60.26 0.9225432239196167 119.38152067959646 -3 127 128 130
-0.095 0.836 -0.115 -6.42 79.88 0.8492031559055818 96.48307369289725 -1 126 128 131
-0.095 0.836 -0.115 -6.42 79.88 0.8492031559055818 96.48307369289725 -1 126 128 131
0.209 0.903 -0.145 12.87 74.27 0.9381444451682267 76.96831655984164 -3 125 126 131
0.302 0.944 -0.163 17.5 70.02 1.0044446226646842 72.25973303203104 -3 124 125 130
0.46 1.069 -0.176 23.01 65.26 1.1770033984657817 66.71736970303775 -3 124 125 129
0.51 1.12 -0.181 24.21 64.21 1.2438894645425695 65.5175141026529 -3 125 125 128
0.538 1.151 -0.17 24.82 63.89 1.2818521755647179 64.9476899920724 -3 126 125 128
0.569 1.178 -0.15 25.6 63.46 1.316793453811189 64.21843201277265 -3 127 125 128
0.568 1.187 -0.138 25.42 63.78 1.3231163969961222 64.42808006199027 -3 127 125 128
0.495 1.149 -0.116 23.2 66.13 1.2564561273677644 66.69316821805621 -3 128 126 126
0.44 1.116 -0.112 21.42 67.86 1.204823638546323 68.48240629511335 -3 129 126 126
0.377 1.081 -0.112 19.13 70.01 1.1503190861669643 70.77372332646773 -3 129 126 125
0.307 1.052 -0.11 16.18 72.78 1.1013868530175945 73.73143002846857 -3 129 127 125
0.234 1.015 -0.116 12.9 75.57 1.0480634522775802 77.01775187296577 -3 129 127 125
0.155 0.969 -0.125 9.01 78.39 0.9892476939573829 80.91202920835788 -3 129 127 125
0.091 0.94 -0.145 5.47 79.68 0.9554611452068577 84.47051187365606 1 128 127 125
-0.017 0.892 -0.218 -1.06 76.23 0.9184100391437368 91.09182774552549 -1 128 127 124
-0.069 0.881 -0.252 -4.31 73.48 0.9189265476630871 94.47826896226441 -1 127 127 124
-0.131 0.896 -0.273 -7.96 71.33 0.9457832732714193 98.31801537237904 -1 127 127 124
-0.212 0.898 -0.281 -12.7 68.6 0.9645252718306556 103.28318773367171 -1 126 127 124
-0.34 0.905 -0.277 -19.76 64.15 1.005660976671562 110.59072789059738 -3 126 128 124
-0.392 0.907 -0.295 -22.34 61.59 1.031182815993362 113.3737132811112 -3 125 128 124
-0.419 0.874 -0.346 -24.02 58.13 1.0291515923322472 115.61329375214261 -3 124 127 124
-0.451 0.876 -0.392 -25.17 55.7 1.060396623910129 117.24122961881977 -3 124 127 125
-0.492 0.887 -0.442 -26.4 53.29 1.106434363168462 119.01619843054095 -3 125 126 125
-0.516 0.893 -0.513 -26.61 50.83 1.151900169285516 120.02050528994323 -3 127 126 126
-0.528 0.902 -0.549 -26.57 49.82 1.1805884126146589 120.34324888423959 -1 128 126 127
-0.528 0.946 -0.549 -25.77 51.16 1.2145373604792897 119.1676133795778 -1 130 126 128
-0.444 0.953 -0.501 -22.41 54.91 1.164622685679787 114.98067825712025 -1 130 126 130
-0.379 0.955 -0.444 -19.79 58.56 1.1192863797974135 111.64608062547843 -1 129 127 130
-0.294 0.954 -0.39 -15.92 62.89 1.071751836947341 107.12804747359668 -1 128 127 131
-0.208 0.939 -0.335 -11.78 67.22 1.0184350740228854 102.49003759247061 -1 127 127 131
-0.141 0.924 -0.291 -8.28 70.71 0.9789473938879454 98.67625529442228 -1 126 127 131
-0.06 0.905 -0.263 -3.64 73.4 0.944348452638114 93.79306428168864 -1 126 127 131
0.043 0.884 -0.225 2.7 75.47 0.9131976784902599 87.21518309797393 1 125 126 131
0.252 0.885 -0.168 15.63 71.11 0.9353892237993765 74.1059213979506 -3 124 126 130
0.252 0.885 -0.168 15.63 71.11 0.9353892237993765 74.1059213979506 -3 124 126 130
0.477 0.903 -0.146 27.54 61.08 1.031626870530232 62.15522966863465 -3 124 126 129
0.554 0.922 -0.156 30.64 58.03 1.0868928190028675 58.999702797170684 -3 123 125 129
0.608 0.962 -0.178 31.86 56.63 1.1518645753733379 57.7064325517259 -3 124 125 129
0.65 1.003 -0.197 32.45 55.9 1.21132902219009 57.05450964543838 -3 124 126 129
0.683 1.053 -0.227 32.38 55.65 1.2754712854470696 57.031631194536295 -3 124 126 128
0.639 1.138 -0.239 28.79 59.06 1.3268330716408903 60.68529181958611 -3 126 127 127
0.609 1.134 -0.236 27.73 60.06 1.3086378414213764 61.76255446183274 -3 127 127 126
0.555 1.113 -0.224 26.05 61.73 1.2637127838239193 63.49675654383689 -3 129 128 125
0.487 1.077 -0.208 23.94 63.82 1.2001508238550687 65.66837400903634 -3 130 128 124
0.424 1.031 -0.193 22.01 65.68 1.1313646626972225 67.64502532776581 -3 130 127 124
0.344 0.997 -0.188 18.73 68.54 1.0713024782945293 70.9637682191266 -3 130 127 124
0.261 0.968 -0.192 14.81 71.49 1.0207884207807219 74.91028725192017 -3 129 127 124
0.199 0.944 -0.213 11.62 72.84 0.9879807690436084 78.09604840438432 1 129 127 124
0.118 0.932 -0.289 6.9 71.48 0.982888091290153 82.78420615190919 1 127 126 124
0.086 0.921 -0.338 5.01 69.26 0.9848253652297955 84.66537420187687 1 126 127 124
0.079 0.915 -0.384 4.55 66.81 0.9954506517150914 85.06538850078829 1 126 128 124
0.053 0.914 -0.409 3.03 65.71 1.0027392482594866 86.68131337037516 1 126 129 124
-0.021 0.895 -0.428 -1.21 64.42 0.9922953189449197 91.34412361508893 -1 125 129 124
-0.073 0.889 -0.415 -4.26 64.64 0.983806383390553 94.69429574807918 -1 124 129 123
-0.157 0.877 -0.395 -9.27 64.14 0.9745783703735683 100.14954255769287 -1 124 128 123
-0.248 0.859 -0.38 -14.79 62.15 0.9714859751947014 106.10384134603716 -1 124 127 122
-0.337 0.843 -0.359 -20.19 59.71 0.9762678935620079 111.78969016159951 -1 123 127 122
-0.448 0.832 -0.345 -26.45 55.8 1.005958746669067 118.30075576600639 -3 124 127 123
-0.543 0.83 -0.341 -31.18 52.31 1.0488231500114784 123.19338836660135 -3 124 127 123
-0.688 0.866 -0.282 -37.07 49.35 1.1414131592022234 128.4656408657449 -3 125 126 125
-0.736 0.9 -0.248 -38.25 49.21 1.1887808881370865 129.275537150955 -3 125 125 125
-0.716 0.918 -0.246 -36.99 50.49 1.1899142826271143 127.95267864876983 -3 124 124 125
-0.672 0.943 -0.229 -34.7 53.03 1.1803702808864682 125.4744056989669 -3 124 123 125
-0.617 0.938 -0.22 -32.64 55.07 1.1440860981587007 123.33621963147213 -3 123 123 126
-0.475 0.923 -0.207 -26.66 60.69 1.058490906904731 117.23153815281391 -3 123 127 127
-0.42 0.953 -0.153 -23.52 64.87 1.0526243394487893 113.78373700071542 -3 124 130 128
-0.338 0.956 -0.076 -19.41 70.08 1.0168362700061402 109.47137824929088 -3 125 132 129
-0.234 0.976 0.011 -13.48 76.5 1.0037195823535576 103.48241074665837 3 125 133 129
-0.116 0.994 0.071 -6.64 82.21 1.003261182344857 96.6563206252924 3 124 135 129
0.023 1.007 0.111 1.3 83.58 1.0133602518354465 88.69158505730877 1 124 135 129
0.18 1.009 0.144 10.02 77.13 1.0349961352584849 79.88515541975161 3 124 135 128
0.485 1.064 0.114 24.38 64.91 1.174868928859726 65.49521739243306 3 125 132 128
0.485 1.064 0.114 24.38 64.91 1.174868928859726 65.49521739243306 3 125 132 128
0.562 1.064 0.066 27.8 61.99 1.205112442886555 62.157187915293434 3 127 127 128
0.495 1.032 0.036 25.61 64.32 1.145139729465361 64.37524061557492 3 127 125 128
0.374 0.977 -0.01 20.95 69.05 1.0461859299378862 69.05292901536652 -3 128 124 128
0.248 0.925 -0.076 14.96 74.34 0.9606794470581747 74.99150507255207 -3 128 124 127
0.119 0.887 -0.135 7.56 78.53 0.905071820354606 82.35881942133338 1 128 125 126
0.027 0.871 -0.195 1.73 77.26 0.8929697643257581 88.22446519189641 1 128 125 125
-0.135 0.892 -0.299 -8.17 69.81 0.950415698523546 98.60613408981547 -1 128 126 126
-0.217 0.911 -0.306 -12.72 67.62 0.9852136824060047 103.39816611339951 -1 129 127 127
-0.268 0.934 -0.318 -15.2 66 1.022401095461072 106.01019177888402 -1 129 127 127
-0.293 0.961 -0.337 -16.05 65.08 1.0596881616777645 106.955978299619 -1 129 127 127
-0.292 1 -0.346 -15.43 65.64 1.0977158102168338 106.27780439429293 -1 129 128 127
-0.276 1.04 -0.36 -14.08 66.43 1.1346259295468264 104.86281594234502 -1 128 128 127
-0.254 1.072 -0.401 -12.51 66.12 1.1723911463329977 103.32985837632972 -1 128 128 127
-0.28 1.143 -0.499 -12.65 63.41 1.2782214205684397 103.76464555812854 -1 128 130 127
-0.273 1.125 -0.628 -11.96 58.67 1.3170186027539628 103.64011302638288 -1 128 131 127
-0.248 1.08 -0.808 -10.42 51.95 1.371410952267773 102.93260839673952 -1 127 132 127
-0.233 1.036 -0.98 -9.28 45.8 1.444986159103263 102.67511939191841 -1 127 133 128
-0.193 1.008 -1.127 -7.27 41.4 1.5242840942553983 100.83913884305647 -1 126 133 129
-0.072 0.981 -1.25 -2.59 38.08 1.5906115176245896 94.19766835716094 -1 125 133 129
0.093 0.993 -1.297 3.26 37.37 1.6361256064251302 84.64953722006908 1 123 131 129
0.497 0.889 -1.079 19.57 36.81 1.48376918690206 60.792403528857285 1 119 126 124
0.686 0.719 -0.854 31.57 33.28 1.310295004951175 46.34548978668529 1 118 122 121
0.75 0.477 -0.462 48.48 28.44 1.0017349948963548 32.45636035239826 -3 115 118 119
0.716 0.161 0.173 71.73 12.33 0.7539933686711044 12.672766651223515 2 114 114 118
0.682 0.061 0.761 41.78 3.42 1.023702105106754 5.111095160514537 2 112 111 119
0.569 0.222 1.284 23.59 8.98 1.421865324142902 21.313649355227383 2 112 111 121
0.503 0.423 1.712 15.92 13.34 1.8338162394307669 40.062300901234565 2 114 112 123
0.529 0.606 1.98 14.33 16.47 2.1371656463643616 48.88107957454698 1 119 115 124
0.44 0.729 1.828 12.6 21.19 2.016587464009434 58.88622464989098 1 129 126 126
0.522 0.519 1.582 17.41 17.3 1.744869336082218 44.83488293688893 2 133 132 126
0.504 0.379 1.26 20.96 15.6 1.408991483295765 36.942584926243974 2 134 136 126
0.406 0.35 0.873 23.35 19.98 1.0244339900647577 40.76360520094116 2 135 139 127
0.28 0.56 0.14 25.88 60.79 0.6415605972938176 63.43494882292201 3 136 139 129
0.203 0.656 -0.139 16.84 69.44 0.7006182983622395 72.80525433353814 -3 137 137 130
0.119 0.732 -0.371 8.25 61.98 0.8292321749666977 80.76630083734914 1 137 134 130
0.067 0.79 -0.536 4.01 55.64 0.9570188085926002 85.15233816281888 1 136 132 130
