-0.149 0.985 -0.129 -8.53 78.69 1.0045232700141893 98.60186273372022 -3 127 126 127
-0.149 0.983 -0.131 -8.54 78.59 1.0028215195138166 98.6191014013437 -3 127 126 127
-0.148 0.982 -0.131 -8.5 78.62 1.0016930667624688 98.57070490407584 -3 127 126 127
-0.147 0.982 -0.135 -8.44 78.51 1.0020768433608274 98.51364621017481 -3 127 126 127
-0.147 0.983 -0.135 -8.43 78.52 1.0030568279015901 98.5051120613108 -3 126 126 127
-0.147 0.987 -0.141 -8.39 78.34 1.007799087120047 98.47114463301484 -3 126 126 127
-0.145 0.989 -0.139 -8.26 78.52 1.0091912603664381 98.34086686293188 -3 126 126 127
-0.144 0.989 -0.14 -8.2 78.52 1.009186305892029 98.28414469005494 -3 126 126 127
-0.144 0.986 -0.143 -8.22 78.37 1.0066682671068954 98.30899861488315 -3 126 126 127
-0.144 0.988 -0.135 -8.22 78.7 1.0075241932579089 98.29241291009268 -3 126 126 127
-0.145 0.987 -0.141 -8.27 78.42 1.0075093051679473 98.35752982803942 -3 126 126 127
-0.147 0.986 -0.143 -8.39 78.25 1.0071017823437707 98.47961121496735 -3 126 126 127
-0.143 0.994 -0.136 -8.11 78.77 1.0134007104793246 98.18658317751573 -3 126 126 127
-0.144 0.992 -0.146 -8.17 78.32 1.012973839741185 98.25943797987881 -1 126 126 127
-0.145 0.994 -0.141 -8.22 78.5 1.0143677834000842 98.29949667544079 -3 126 126 127
-0.147 0.996 -0.139 -8.32 78.52 1.0163395102031603 98.39569403576965 -3 126 126 127
-0.149 0.998 -0.134 -8.42 78.65 1.0179199379126043 98.49145847086152 -3 126 126 127
-0.152 0.993 -0.139 -8.62 78.28 1.0141370716032423 98.70279908343348 -3 126 126 127
-0.15 0.991 -0.135 -8.53 78.49 1.0113387167512178 98.60708456070935 -3 126 126 127
-0.146 0.989 -0.135 -8.32 78.63 1.0087923473143519 98.39757257471851 -3 126 126 127
-0.145 0.987 -0.139 -8.28 78.5 1.0072313537613888 98.35752982803942 -3 126 126 127
-0.141 0.988 -0.138 -8.04 78.71 1.0075063275235545 98.12198335470444 -3 126 126 127
-0.14 0.989 -0.137 -7.98 78.8 1.0082112873797833 98.05709347173719 -3 126 126 127
-0.14 0.989 -0.14 -7.98 78.68 1.0086233191831329 98.05709347173719 0 126 126 127
-0.139 0.989 -0.138 -7.92 78.8 1.0082093036666542 98.00029055811564 -3 126 126 127
-0.14 0.992 -0.135 -7.96 78.91 1.0108852556052046 98.03304579055937 -3 126 126 126
-0.152 1 -0.135 -8.57 78.51 1.0204552905443727 98.64280258000454 -3 126 126 126
-0.16 1.001 -0.127 -9.01 78.47 1.0216310488625528 99.08134712864636 -3 126 126 126
-0.167 1.005 -0.124 -9.36 78.31 1.0262991766536695 99.43458502469312 -3 126 126 126
-0.171 1.002 -0.129 -9.61 77.93 1.0246394487818629 99.68472101155415 -3 126 126 126
-0.157 0.983 -0.143 -8.98 77.81 1.0056773836574033 99.07436332139852 -3 126 126 127
-0.146 0.975 -0.157 -8.41 77.6 0.9982935440039667 98.5163971230608 -1 126 126 127
-0.14 0.966 -0.166 -8.13 77.33 0.9901070649177289 98.24632081446855 -1 126 126 127
-0.143 0.959 -0.167 -8.36 77.09 0.9838795658006115 98.48109311223301 -1 126 126 127
-0.163 0.964 -0.159 -9.47 76.71 0.9905281419525646 99.59720356524575 -3 126 126 126
-0.172 0.976 -0.164 -9.86 76.31 1.0045177947652295 99.99458354741539 -3 126 126 126
-0.182 0.989 -0.162 -10.29 76.16 1.0185720396712252 100.42715338148022 -3 126 126 126
-0.188 1.003 -0.159 -10.49 76.21 1.0327797441855644 100.61620621647275 -3 127 126 126
-0.259 1.015 -0.15 -14.17 73.57 1.0582088640717389 104.31482691040489 -3 127 125 126
-0.158 1.019 -0.167 -8.7 77.29 1.0446118896508885 98.81375291705307 -1 127 126 126
-0.116 1.011 -0.169 -6.46 78.54 1.0315706471202055 96.54537380140283 -1 127 126 126
-0.106 0.999 -0.187 -5.95 77.86 1.0218639831210414 96.05676984327832 -1 127 126 126
-0.063 0.984 -0.207 -3.59 77.6 1.007508808894493 93.66332733075451 -1 128 126 126
0.011 0.983 -0.216 0.63 77.59 1.0065117982418288 89.35887358132729 1 128 127 127
-0.078 0.969 -0.196 -4.51 77.72 0.9916960219744758 94.60212146902428 -1 128 127 127
-0.123 0.974 -0.172 -7.09 77.75 0.9966890187014201 97.19740516637138 -1 127 127 126
-0.123 0.974 -0.172 -7.09 77.75 0.9966890187014201 97.19740516637138 -1 127 127 126
-0.186 0.979 -0.151 -10.63 76.25 1.007887890591012 100.75740223065483 -3 127 127 126
-0.211 0.979 -0.146 -12.03 75.31 1.0120662033681393 102.16268564911336 -3 127 127 127
-0.227 0.973 -0.151 -12.98 74.35 1.0104746409485 103.13216078459598 -3 127 127 127
-0.236 0.967 -0.159 -13.54 73.6 1.0080009920630038 103.71514475142527 -3 127 127 127
-0.23 0.961 -0.174 -13.25 73.3 1.003342912468115 103.4596485592448 -3 126 127 127
-0.201 0.956 -0.208 -11.61 73.17 0.9987997797356585 101.87355476617111 -1 126 126 127
-0.191 0.956 -0.219 -11.02 73.09 0.9991886708725235 101.29840646743399 -1 126 126 127
-0.18 0.959 -0.23 -10.34 73.06 1.002487406404689 100.63047668993602 -1 126 126 127
-0.172 0.962 -0.236 -9.85 73.11 1.005347701046757 100.13703943032009 -1 127 126 127
-0.17 0.964 -0.235 -9.72 73.25 1.0066881344289302 100.00119843332138 -1 127 126 127
-0.172 0.973 -0.236 -9.75 73.29 1.01587843760954 100.02477518687606 -1 127 126 126
-0.172 0.979 -0.234 -9.7 73.48 1.021166489853638 99.96457138654773 -1 127 126 126
-0.176 0.982 -0.232 -9.89 73.48 1.0242675431741455 100.16101659100909 -1 127 126 126
-0.179 0.987 -0.233 -10.01 73.42 1.0298053214078862 100.27930220852666 -1 127 126 127
-0.183 0.995 -0.231 -10.16 73.5 1.037725879025863 100.42135262317547 -1 127 126 127
-0.184 0.997 -0.227 -10.2 73.66 1.0389388817442535 100.4564891129584 -1 127 126 127
-0.186 0.994 -0.226 -10.34 73.59 1.0361988226204466 100.59877235416171 -1 127 126 127
-0.177 0.989 -0.223 -9.9 73.94 1.0291642240186936 100.14672622877909 -1 126 126 127
-0.17 0.984 -0.226 -9.56 73.97 1.0238320174716162 99.80190467602611 -1 126 126 127
-0.162 0.978 -0.227 -9.17 74.08 1.0169842673316043 99.40531150095691 -1 126 127 127
-0.154 0.973 -0.228 -8.76 74.21 1.0111523129578452 98.99379239875557 -1 126 127 127
-0.149 0.969 -0.228 -8.51 74.3 1.0065515386705244 98.74171900707648 -1 126 127 127
-0.148 0.97 -0.225 -8.45 74.48 1.006692107846287 98.67513080412071 -1 126 127 127
-0.149 0.97 -0.218 -8.52 74.77 1.005298463144155 98.73284592110463 -1 126 126 127
-0.154 0.967 -0.215 -8.84 74.7 1.0025118453165527 99.04867618466787 -1 126 126 127
-0.162 0.963 -0.222 -9.31 74.07 1.001447452440716 99.54913392873594 -1 126 126 127
-0.178 0.992 -0.197 -9.98 75.02 1.0269162575400197 100.17264131935588 -1 126 126 127
-0.179 0.99 -0.211 -10.03 74.38 1.0279406597659224 100.24881398532709 -1 125 126 127
-0.179 0.994 -0.211 -9.99 74.44 1.0317935840079642 100.2084402711575 -1 125 126 127
-0.191 1.01 -0.198 -10.51 74.76 1.046797497131131 100.70868229273717 -1 125 127 127
-0.184 0.987 -0.223 -10.31 73.67 1.0284716816714012 100.56005983437466 -1 125 127 127
-0.189 0.99 -0.211 -10.58 74.03 1.0297290905864513 100.8082309403198 -1 125 127 127
-0.191 0.99 -0.211 -10.69 73.96 1.0300980535851916 100.91986803096273 -1 126 127 127
-0.188 0.982 -0.211 -10.6 73.95 1.0218556649546942 100.83791044620116 -1 126 127 127
-0.186 0.975 -0.209 -10.57 73.99 1.0143480664939426 100.80049913378232 -1 126 127 127
-0.183 0.963 -0.204 -10.53 74.11 1.0012362358604485 100.75968980342942 -1 126 126 126
-0.187 0.955 -0.196 -10.86 74.16 0.9926781955900915 101.07899547587292 -1 126 127 126
-0.19 0.958 -0.191 -11.01 74.29 0.9951607910282639 101.21789114032181 -1 126 127 126
-0.192 0.961 -0.191 -11.09 74.26 0.9984317703278477 101.29846643864936 -3 126 127 127
-0.19 0.967 -0.19 -10.91 74.47 1.0036378829039885 101.11609674551369 0 126 127 127
-0.187 0.974 -0.195 -10.66 74.5 1.0107769289017234 100.86807146907196 -1 127 127 127
-0.182 0.98 -0.202 -10.31 74.49 1.0170191738605523 100.52078431387436 -1 127 127 127
-0.179 0.984 -0.206 -10.1 74.5 1.0211429870493163 100.30997039823843 -1 127 126 127
-0.177 0.989 -0.21 -9.93 74.48 1.0264258375547646 100.14672622877909 -1 127 126 127
-0.174 0.995 -0.217 -9.7 74.38 1.0331456818861509 99.91926128274643 -1 127 126 127
-0.172 0.991 -0.215 -9.63 74.47 1.028537797069218 99.84628621490546 -1 127 126 127
-0.174 0.989 -0.215 -9.75 74.38 1.0269479052025958 99.97823293271993 -1 127 126 127
-0.174 0.982 -0.214 -9.82 74.31 1.0199980392138015 100.04791644426253 -1 127 126 127
-0.176 0.968 -0.214 -10.07 74.03 1.0068743715081836 100.30484646876603 -1 127 126 126
-0.175 0.965 -0.215 -10.04 73.97 1.004029382040187 100.27871980413227 -1 127 126 126
-0.171 0.961 -0.218 -9.84 73.92 1.0001429897769618 100.08958797820202 -1 127 127 126
-0.166 0.96 -0.217 -9.57 74.11 0.9981207341799888 99.8103854360426 -1 127 127 126
-0.163 0.963 -0.217 -9.38 74.26 1.0005133682265321 99.60698385866876 -1 127 127 126
-0.162 0.967 -0.22 -9.28 74.22 1.0048547158669257 99.51035688784586 -1 127 127 127
-0.161 0.972 -0.223 -9.17 74.2 1.0101653330024745 99.40495952452503 -1 127 127 127
-0.165 0.993 -0.235 -9.19 73.87 1.0336822529191454 99.43424980482703 -1 127 127 127
-0.165 0.999 -0.246 -9.11 73.48 1.0419894433246435 99.37859730973332 -1 127 127 127
-0.166 1.001 -0.254 -9.13 73.14 1.0459794453047344 99.41590632421237 -1 127 127 127
-0.166 1.004 -0.265 -9.08 72.7 1.0515688279898754 99.38827277653945 -1 127 127 127
-0.161 1.029 -0.267 -8.61 73.14 1.0751981212781203 98.89254870824813 -1 127 128 127
-0.146 1.015 -0.305 -7.84 71.57 1.0698439138491183 98.18541477064984 -1 127 128 127
-0.105 1.007 -0.303 -5.7 72.34 1.0568268543143668 95.95272619424009 -1 127 129 127
-0.057 0.993 -0.317 -3.13 72.03 1.0439286374077492 93.28527647473844 -1 127 129 128
0.025 0.938 -0.353 1.43 69.33 1.0025357848974767 88.47328841829147 1 128 131 128
0.025 0.938 -0.353 1.43 69.33 1.0025357848974767 88.47328841829147 1 128 131 128
0.011 0.951 -0.343 0.62 70.16 1.0110247276896842 89.33730234527107 1 127 132 128
-0.012 0.954 -0.337 -0.68 70.53 1.0118443556199739 90.72066362251766 -1 127 132 127
-0.045 0.95 -0.323 -2.57 71.05 1.00441724397782 92.71198346744495 -1 127 131 127
-0.093 0.956 -0.306 -5.29 71.5 1.008077873976014 95.55626943865832 -1 126 131 126
-0.124 0.95 -0.3 -7.09 71.13 1.0039302764634603 97.43656464288148 -1 126 131 126
-0.208 0.947 -0.275 -11.91 69.99 1.0078184360290299 102.38779589527132 -1 126 130 126
-0.227 0.955 -0.278 -12.86 69.4 1.0202146832897476 103.37086650248509 -1 126 130 126
-0.227 0.955 -0.278 -12.86 69.4 1.0202146832897476 103.37086650248509 -1 126 130 126
-0.199 0.956 -0.297 -11.24 69.5 1.0206595906569438 101.7587153025491 -1 126 128 126
-0.17 0.957 -0.311 -9.59 69.68 1.0205243750151194 100.07285967184198 -1 126 127 126
-0.149 0.959 -0.316 -8.39 69.98 1.0206556716150652 98.83144381420546 -1 126 127 126
-0.128 0.966 -0.318 -7.17 70.46 1.0250190242136972 97.54801721896557 -1 126 127 126
-0.091 0.985 -0.314 -5.03 71.64 1.037835247040685 95.27833260688475 -1 126 126 126
-0.071 0.987 -0.318 -3.92 71.73 1.0393911679440035 94.11449361938972 -1 126 126 127
-0.059 0.992 -0.314 -3.25 72.15 1.0421808864107995 93.40370308415204 -1 126 126 127
-0.056 0.998 -0.312 -3.07 72.38 1.0471313193673466 93.21162577670749 -1 126 126 127
-0.059 1.002 -0.313 -3.22 72.37 1.0514057256834775 93.36981266597165 -1 126 126 127
-0.081 1.018 -0.31 -4.35 72.53 1.0672324020568342 94.54931351603503 -1 126 126 127
-0.096 1.034 -0.307 -5.09 72.72 1.082876262552652 95.3043247755229 -1 126 126 127
-0.123 1.043 -0.308 -6.45 72.36 1.0944596840450542 96.72577266413889 -1 125 126 126
-0.149 1.039 -0.321 -7.8 71.19 1.0976169641546178 98.16098124069104 -1 125 126 126
-0.178 1.031 -0.346 -9.3 69.32 1.1019804898454417 99.79543345194699 -1 125 125 126
-0.219 1.029 -0.377 -11.3 67.04 1.117555815160925 102.01487852757047 -1 125 126 126
-0.244 1.018 -0.464 -12.3 62.75 1.1450572038112332 103.47870250786704 -1 124 127 127
-0.205 1.016 -0.686 -9.49 54.83 1.2429308106246302 101.4075032435848 -1 124 129 127
-0.194 1.008 -0.798 -8.58 50.83 1.3001938317035657 100.89395972506854 -1 125 130 127
-0.134 0.976 -0.909 -5.74 46.73 1.3404525355267154 97.81755311136378 -1 126 130 127
-0.074 0.939 -0.918 -3.23 45.56 1.3152646121598497 94.50600943349944 -1 128 129 127
-0.022 0.865 -0.896 -1.01 43.98 1.245602263967114 91.45691960970109 -1 129 128 127
0.031 0.805 -0.86 1.51 43.09 1.1783827900983619 87.79466839138196 1 130 128 127
0.094 0.771 -0.76 4.96 45.19 1.086681646113525 83.04882850419274 1 130 127 127
0.129 0.767 -0.62 7.45 50.46 0.9946506924543912 80.45290286829773 1 130 126 128
0.064 0.922 -0.285 3.79 72.42 0.967163378132154 86.02922197060386 1 127 124 127
0.056 0.98 -0.084 3.26 84.12 0.9851862768025141 86.72951207681645 1 126 123 127
-0.149 0.985 -0.129 -8.53 78.69 1.0045232700141893 98.60186273372022 -3 127 126 127
-0.149 0.983 -0.131 -8.54 78.59 1.0028215195138166 98.6191014013437 -3 127 126 127
-0.148 0.982 -0.131 -8.5 78.62 1.0016930667624688 98.57070490407584 -3 127 126 127
-0.147 0.982 -0.135 -8.44 78.51 1.0020768433608274 98.51364621017481 -3 127 126 127
-0.147 0.983 -0.135 -8.43 78.52 1.0030568279015901 98.5051120613108 -3 126 126 127
-0.147 0.987 -0.141 -8.39 78.34 1.007799087120047 98.47114463301484 -3 126 126 127
-0.145 0.989 -0.139 -8.26 78.52 1.0091912603664381 98.34086686293188 -3 126 126 127
-0.144 0.989 -0.14 -8.2 78.52 1.009186305892029 98.28414469005494 -3 126 126 127
-0.144 0.986 -0.143 -8.22 78.37 1.0066682671068954 98.30899861488315 -3 126 126 127
-0.144 0.988 -0.135 -8.22 78.7 1.0075241932579089 98.29241291009268 -3 126 126 127
-0.145 0.987 -0.141 -8.27 78.42 1.0075093051679473 98.35752982803942 -3 126 126 127
-0.147 0.986 -0.143 -8.39 78.25 1.0071017823437707 98.47961121496735 -3 126 126 127
-0.143 0.994 -0.136 -8.11 78.77 1.0134007104793246 98.18658317751573 -3 126 126 127
-0.144 0.992 -0.146 -8.17 78.32 1.012973839741185 98.25943797987881 -1 126 126 127
-0.145 0.994 -0.141 -8.22 78.5 1.0143677834000842 98.29949667544079 -3 126 126 127
-0.147 0.996 -0.139 -8.32 78.52 1.0163395102031603 98.39569403576965 -3 126 126 127
-0.149 0.998 -0.134 -8.42 78.65 1.0179199379126043 98.49145847086152 -3 126 126 127
-0.152 0.993 -0.139 -8.62 78.28 1.0141370716032423 98.70279908343348 -3 126 126 127
-0.15 0.991 -0.135 -8.53 78.49 1.0113387167512178 98.60708456070935 -3 126 126 127
-0.146 0.989 -0.135 -8.32 78.63 1.0087923473143519 98.39757257471851 -3 126 126 127
-0.145 0.987 -0.139 -8.28 78.5 1.0072313537613888 98.35752982803942 -3 126 126 127
-0.141 0.988 -0.138 -8.04 78.71 1.0075063275235545 98.12198335470444 -3 126 126 127
-0.14 0.989 -0.137 -7.98 78.8 1.0082112873797833 98.05709347173719 -3 126 126 127
-0.14 0.989 -0.14 -7.98 78.68 1.0086233191831329 98.05709347173719 0 126 126 127
-0.139 0.989 -0.138 -7.92 78.8 1.0082093036666542 98.00029055811564 -3 126 126 127
-0.14 0.992 -0.135 -7.96 78.91 1.0108852556052046 98.03304579055937 -3 126 126 126
-0.152 1 -0.135 -8.57 78.51 1.0204552905443727 98.64280258000454 -3 126 126 126
-0.16 1.001 -0.127 -9.01 78.47 1.0216310488625528 99.08134712864636 -3 126 126 126
-0.167 1.005 -0.124 -9.36 78.31 1.0262991766536695 99.43458502469312 -3 126 126 126
-0.171 1.002 -0.129 -9.61 77.93 1.0246394487818629 99.68472101155415 -3 126 126 126
-0.157 0.983 -0.143 -8.98 77.81 1.0056773836574033 99.07436332139852 -3 126 126 127
-0.146 0.975 -0.157 -8.41 77.6 0.9982935440039667 98.5163971230608 -1 126 126 127
-0.14 0.966 -0.166 -8.13 77.33 0.9901070649177289 98.24632081446855 -1 126 126 127
-0.143 0.959 -0.167 -8.36 77.09 0.9838795658006115 98.48109311223301 -1 126 126 127
-0.163 0.964 -0.159 -9.47 76.71 0.9905281419525646 99.59720356524575 -3 126 126 126
-0.172 0.976 -0.164 -9.86 76.31 1.0045177947652295 99.99458354741539 -3 126 126 126
-0.182 0.989 -0.162 -10.29 76.16 1.0185720396712252 100.42715338148022 -3 126 126 126
-0.188 1.003 -0.159 -10.49 76.21 1.0327797441855644 100.61620621647275 -3 127 126 126
-0.259 1.015 -0.15 -14.17 73.57 1.0582088640717389 104.31482691040489 -3 127 125 126
-0.158 1.019 -0.167 -8.7 77.29 1.0446118896508885 98.81375291705307 -1 127 126 126
-0.116 1.011 -0.169 -6.46 78.54 1.0315706471202055 96.54537380140283 -1 127 126 126
-0.106 0.999 -0.187 -5.95 77.86 1.0218639831210414 96.05676984327832 -1 127 126 126
-0.063 0.984 -0.207 -3.59 77.6 1.007508808894493 93.66332733075451 -1 128 126 126
0.011 0.983 -0.216 0.63 77.59 1.0065117982418288 89.35887358132729 1 128 127 127
-0.078 0.969 -0.196 -4.51 77.72 0.9916960219744758 94.60212146902428 -1 128 127 127
-0.123 0.974 -0.172 -7.09 77.75 0.9966890187014201 97.19740516637138 -1 127 127 126
-0.123 0.974 -0.172 -7.09 77.75 0.9966890187014201 97.19740516637138 -1 127 127 126
-0.186 0.979 -0.151 -10.63 76.25 1.007887890591012 100.75740223065483 -3 127 127 126
-0.211 0.979 -0.146 -12.03 75.31 1.0120662033681393 102.16268564911336 -3 127 127 127
-0.227 0.973 -0.151 -12.98 74.35 1.0104746409485 103.13216078459598 -3 127 127 127
-0.236 0.967 -0.159 -13.54 73.6 1.0080009920630038 103.71514475142527 -3 127 127 127
-0.23 0.961 -0.174 -13.25 73.3 1.003342912468115 103.4596485592448 -3 126 127 127
-0.201 0.956 -0.208 -11.61 73.17 0.9987997797356585 101.87355476617111 -1 126 126 127
-0.191 0.956 -0.219 -11.02 73.09 0.9991886708725235 101.29840646743399 -1 126 126 127
-0.18 0.959 -0.23 -10.34 73.06 1.002487406404689 100.63047668993602 -1 126 126 127
-0.172 0.962 -0.236 -9.85 73.11 1.005347701046757 100.13703943032009 -1 127 126 127
-0.17 0.964 -0.235 -9.72 73.25 1.0066881344289302 100.00119843332138 -1 127 126 127
-0.172 0.973 -0.236 -9.75 73.29 1.01587843760954 100.02477518687606 -1 127 126 126
-0.172 0.979 -0.234 -9.7 73.48 1.021166489853638 99.96457138654773 -1 127 126 126
-0.176 0.982 -0.232 -9.89 73.48 1.0242675431741455 100.16101659100909 -1 127 126 126
-0.179 0.987 -0.233 -10.01 73.42 1.0298053214078862 100.27930220852666 -1 127 126 127
-0.183 0.995 -0.231 -10.16 73.5 1.037725879025863 100.42135262317547 -1 127 126 127
-0.184 0.997 -0.227 -10.2 73.66 1.0389388817442535 100.4564891129584 -1 127 126 127
-0.186 0.994 -0.226 -10.34 73.59 1.0361988226204466 100.59877235416171 -1 127 126 127
-0.177 0.989 -0.223 -9.9 73.94 1.0291642240186936 100.14672622877909 -1 126 126 127
-0.17 0.984 -0.226 -9.56 73.97 1.0238320174716162 99.80190467602611 -1 126 126 127
-0.162 0.978 -0.227 -9.17 74.08 1.0169842673316043 99.40531150095691 -1 126 127 127
-0.154 0.973 -0.228 -8.76 74.21 1.0111523129578452 98.99379239875557 -1 126 127 127
-0.149 0.969 -0.228 -8.51 74.3 1.0065515386705244 98.74171900707648 -1 126 127 127
-0.148 0.97 -0.225 -8.45 74.48 1.006692107846287 98.67513080412071 -1 126 127 127
-0.149 0.97 -0.218 -8.52 74.77 1.005298463144155 98.73284592110463 -1 126 126 127
-0.154 0.967 -0.215 -8.84 74.7 1.0025118453165527 99.04867618466787 -1 126 126 127
-0.162 0.963 -0.222 -9.31 74.07 1.001447452440716 99.54913392873594 -1 126 126 127
-0.178 0.992 -0.197 -9.98 75.02 1.0269162575400197 100.17264131935588 -1 126 126 127
-0.179 0.99 -0.211 -10.03 74.38 1.0279406597659224 100.24881398532709 -1 125 126 127
-0.179 0.994 -0.211 -9.99 74.44 1.0317935840079642 100.2084402711575 -1 125 126 127
-0.191 1.01 -0.198 -10.51 74.76 1.046797497131131 100.70868229273717 -1 125 127 127
-0.184 0.987 -0.223 -10.31 73.67 1.0284716816714012 100.56005983437466 -1 125 127 127
-0.189 0.99 -0.211 -10.58 74.03 1.0297290905864513 100.8082309403198 -1 125 127 127
-0.191 0.99 -0.211 -10.69 73.96 1.0300980535851916 100.91986803096273 -1 126 127 127
-0.188 0.982 -0.211 -10.6 73.95 1.0218556649546942 100.83791044620116 -1 126 127 127
-0.186 0.975 -0.209 -10.57 73.99 1.0143480664939426 100.80049913378232 -1 126 127 127
-0.183 0.963 -0.204 -10.53 74.11 1.0012362358604485 100.75968980342942 -1 126 126 126
-0.187 0.955 -0.196 -10.86 74.16 0.9926781955900915 101.07899547587292 -1 126 127 126
-0.19 0.958 -0.191 -11.01 74.29 0.9951607910282639 101.21789114032181 -1 126 127 126
-0.192 0.961 -0.191 -11.09 74.26 0.9984317703278477 101.29846643864936 -3 126 127 127
-0.19 0.967 -0.19 -10.91 74.47 1.0036378829039885 101.11609674551369 0 126 127 127
-0.187 0.974 -0.195 -10.66 74.5 1.0107769289017234 100.86807146907196 -1 127 127 127
-0.182 0.98 -0.202 -10.31 74.49 1.0170191738605523 100.52078431387436 -1 127 127 127
-0.179 0.984 -0.206 -10.1 74.5 1.0211429870493163 100.30997039823843 -1 127 126 127
-0.177 0.989 -0.21 -9.93 74.48 1.0264258375547646 100.14672622877909 -1 127 126 127
-0.174 0.995 -0.217 -9.7 74.38 1.0331456818861509 99.91926128274643 -1 127 126 127
-0.172 0.991 -0.215 -9.63 74.47 1.028537797069218 99.84628621490546 -1 127 126 127
-0.174 0.989 -0.215 -9.75 74.38 1.0269479052025958 99.97823293271993 -1 127 126 127
-0.174 0.982 -0.214 -9.82 74.31 1.0199980392138015 100.04791644426253 -1 127 126 127
-0.176 0.968 -0.214 -10.07 74.03 1.0068743715081836 100.30484646876603 -1 127 126 126
-0.175 0.965 -0.215 -10.04 73.97 1.004029382040187 100.27871980413227 -1 127 126 126
-0.171 0.961 -0.218 -9.84 73.92 1.0001429897769618 100.08958797820202 -1 127 127 126
-0.166 0.96 -0.217 -9.57 74.11 0.9981207341799888 99.8103854360426 -1 127 127 126
-0.163 0.963 -0.217 -9.38 74.26 1.0005133682265321 99.60698385866876 -1 127 127 126
-0.162 0.967 -0.22 -9.28 74.22 1.0048547158669257 99.51035688784586 -1 127 127 127
-0.161 0.972 -0.223 -9.17 74.2 1.0101653330024745 99.40495952452503 -1 127 127 127
-0.165 0.993 -0.235 -9.19 73.87 1.0336822529191454 99.43424980482703 -1 127 127 127
-0.165 0.999 -0.246 -9.11 73.48 1.0419894433246435 99.37859730973332 -1 127 127 127
-0.166 1.001 -0.254 -9.13 73.14 1.0459794453047344 99.41590632421237 -1 127 127 127
-0.166 1.004 -0.265 -9.08 72.7 1.0515688279898754 99.38827277653945 -1 127 127 127
-0.161 1.029 -0.267 -8.61 73.14 1.0751981212781203 98.89254870824813 -1 127 128 127
-0.146 1.015 -0.305 -7.84 71.57 1.0698439138491183 98.18541477064984 -1 127 128 127
-0.105 1.007 -0.303 -5.7 72.34 1.0568268543143668 95.95272619424009 -1 127 129 127
-0.057 0.993 -0.317 -3.13 72.03 1.0439286374077492 93.28527647473844 -1 127 129 128
0.025 0.938 -0.353 1.43 69.33 1.0025357848974767 88.47328841829147 1 128 131 128
0.025 0.938 -0.353 1.43 69.33 1.0025357848974767 88.47328841829147 1 128 131 128
0.011 0.951 -0.343 0.62 70.16 1.0110247276896842 89.33730234527107 1 127 132 128
-0.012 0.954 -0.337 -0.68 70.53 1.0118443556199739 90.72066362251766 -1 127 132 127
-0.045 0.95 -0.323 -2.57 71.05 1.00441724397782 92.71198346744495 -1 127 131 127
-0.093 0.956 -0.306 -5.29 71.5 1.008077873976014 95.55626943865832 -1 126 131 126
-0.124 0.95 -0.3 -7.09 71.13 1.0039302764634603 97.43656464288148 -1 126 131 126
-0.208 0.947 -0.275 -11.91 69.99 1.0078184360290299 102.38779589527132 -1 126 130 126
-0.227 0.955 -0.278 -12.86 69.4 1.0202146832897476 103.37086650248509 -1 126 130 126
-0.227 0.955 -0.278 -12.86 69.4 1.0202146832897476 103.37086650248509 -1 126 130 126
-0.199 0.956 -0.297 -11.24 69.5 1.0206595906569438 101.7587153025491 -1 126 128 126
-0.17 0.957 -0.311 -9.59 69.68 1.0205243750151194 100.07285967184198 -1 126 127 126
-0.149 0.959 -0.316 -8.39 69.98 1.0206556716150652 98.83144381420546 -1 126 127 126
-0.128 0.966 -0.318 -7.17 70.46 1.0250190242136972 97.54801721896557 -1 126 127 126
-0.091 0.985 -0.314 -5.03 71.64 1.037835247040685 95.27833260688475 -1 126 126 126
-0.071 0.987 -0.318 -3.92 71.73 1.0393911679440035 94.11449361938972 -1 126 126 127
-0.059 0.992 -0.314 -3.25 72.15 1.0421808864107995 93.40370308415204 -1 126 126 127
-0.056 0.998 -0.312 -3.07 72.38 1.0471313193673466 93.21162577670749 -1 126 126 127
-0.059 1.002 -0.313 -3.22 72.37 1.0514057256834775 93.36981266597165 -1 126 126 127
-0.081 1.018 -0.31 -4.35 72.53 1.0672324020568342 94.54931351603503 -1 126 126 127
-0.096 1.034 -0.307 -5.09 72.72 1.082876262552652 95.3043247755229 -1 126 126 127
-0.123 1.043 -0.308 -6.45 72.36 1.0944596840450542 96.72577266413889 -1 125 126 126
-0.149 1.039 -0.321 -7.8 71.19 1.0976169641546178 98.16098124069104 -1 125 126 126
-0.178 1.031 -0.346 -9.3 69.32 1.1019804898454417 99.79543345194699 -1 125 125 126
-0.219 1.029 -0.377 -11.3 67.04 1.117555815160925 102.01487852757047 -1 125 126 126
-0.244 1.018 -0.464 -12.3 62.75 1.1450572038112332 103.47870250786704 -1 124 127 127
-0.205 1.016 -0.686 -9.49 54.83 1.2429308106246302 101.4075032435848 -1 124 129 127
-0.194 1.008 -0.798 -8.58 50.83 1.3001938317035657 100.89395972506854 -1 125 130 127
-0.134 0.976 -0.909 -5.74 46.73 1.3404525355267154 97.81755311136378 -1 126 130 127
-0.074 0.939 -0.918 -3.23 45.56 1.3152646121598497 94.50600943349944 -1 128 129 127
-0.022 0.865 -0.896 -1.01 43.98 1.245602263967114 91.45691960970109 -1 129 128 127
0.031 0.805 -0.86 1.51 43.09 1.1783827900983619 87.79466839138196 1 130 128 127
0.094 0.771 -0.76 4.96 45.19 1.086681646113525 83.04882850419274 1 130 127 127
0.129 0.767 -0.62 7.45 50.46 0.9946506924543912 80.45290286829773 1 130 126 128
0.064 0.922 -0.285 3.79 72.42 0.967163378132154 86.02922197060386 1 127 124 127
0.056 0.98 -0.084 3.26 84.12 0.9851862768025141 86.72951207681645 1 126 123 127
0.089 0.996 0.104 5.08 82.17 1.005362123814101 84.89375827945972 1 124 122 126
0.119 0.982 0.294 6.62 72.1 1.0319500956926162 83.09051534735497 1 123 121 126
0.161 1.005 0.633 7.72 56.98 1.1985970966091983 80.89860588821294 1 122 121 128
0.152 1.067 0.725 6.72 55.23 1.298929559291034 81.89245207828867 1 122 122 129
0.143 1.134 0.766 5.97 55.5 1.3759218727820268 82.81280702926206 1 123 124 130
0.142 1.22 0.751 5.66 57.93 1.4396405801449195 83.3610198088672 1 124 126 130
0.207 1.226 0.634 8.53 61.45 1.3956650744358403 80.41646516410597 1 126 128 129
0.276 1.196 0.525 11.93 63.62 1.3349970037419558 77.0053832080835 1 127 128 128
0.325 1.137 0.399 15.09 65.65 1.2480364578008127 74.04794876404922 1 129 128 127
0.359 0.935 0.1 20.9 68.27 1.0065316686523085 68.99534676567899 3 130 126 126
0.346 0.812 -0.046 23.05 66.74 0.8838416147704293 66.92074000604414 -3 131 125 126
0.282 0.719 -0.199 20.71 64.36 0.7975499984327001 68.584322081087 -3 131 124 125
0.181 0.634 -0.36 13.94 57.56 0.7512103566911202 74.06654071963634 1 130 125 125
0.064 0.594 -0.474 4.81 51.16 0.7626322836072441 83.85044045846163 1 129 125 125
-0.06 0.599 -0.607 -4.02 44.48 0.8548976546932386 95.72006351419243 -1 128 126 124
-0.192 0.652 -0.747 -10.96 40.21 1.0099391070752732 106.40856915416315 -1 127 129 125
-0.286 0.694 -0.872 -14.39 37.1 1.1505720316433907 112.39674252381711 -1 127 130 125
-0.37 0.916 -0.989 -15.35 40.94 1.3978830423179187 111.99526664721675 -1 127 132 125
-0.395 1.021 -0.973 -15.65 44.19 1.4646484219770968 111.15023867281892 -1 128 132 126
-0.381 1.086 -0.904 -15.09 47.91 1.4634797572908211 109.33233612134772 -1 129 130 126
-0.371 1.137 -0.793 -14.98 52.4 1.4350118466409956 108.07136335215392 -1 129 129 126
-0.298 1.12 -0.567 -13.35 60.23 1.2902298244886452 104.89957203940189 -1 129 126 125
-0.22 1.085 -0.478 -10.51 64.13 1.2058644202396884 101.46217953689556 -1 128 125 125
