0.138 0.91 -0.48 7.64 61.24 1.0380481684392107 81.37689142792061 1 126 127 126
0.131 0.912 -0.457 7.32 62.47 1.0284716816714012 81.82592545224148 1 126 127 126
0.14 0.927 -0.47 7.67 62.12 1.0487273239503203 81.41181775258653 1 126 127 126
0.147 0.932 -0.468 8.02 62.24 1.053212704063144 81.03684428360897 1 126 127 126
0.148 0.931 -0.471 8.07 62.06 1.0538054848974738 80.96733812274518 1 126 127 126
0.155 0.925 -0.474 8.48 61.67 1.0508691640732448 80.48746239772102 1 126 127 126
0.167 0.925 -0.495 9.04 60.54 1.0623271624127852 79.76603037524728 1 126 127 126
0.161 0.916 -0.48 8.85 61.07 1.0466025988884224 80.03127609865368 1 126 127 126
0.147 0.915 -0.47 8.13 61.71 1.0391024973504779 80.87309363811688 1 126 127 126
0.144 0.916 -0.472 7.96 61.69 1.0404691249623894 81.06592178443171 1 126 127 126
0.141 0.917 -0.471 7.79 61.8 1.0404859441626302 81.25853295824172 1 126 126 126
0.134 0.911 -0.467 7.46 61.93 1.0324562944744926 81.63230323952783 1 126 126 126
0.125 0.91 -0.464 6.98 62.16 1.0290874598400275 82.17864789562506 1 126 126 126
0.12 0.905 -0.467 6.72 61.95 1.025433566838925 82.44683022497075 1 126 126 126
0.12 0.903 -0.47 6.72 61.76 1.0250409747907643 82.43029494518218 1 126 126 127
0.122 0.909 -0.47 6.8 61.89 1.0305653788091274 82.35581781861016 1 126 126 127
0.132 0.912 -0.476 7.31 61.56 1.0371807942687716 81.7643806757905 1 126 126 127
0.138 0.918 -0.476 7.6 61.64 1.043237269272911 81.45092317958131 1 126 126 127
0.144 0.921 -0.477 7.9 61.59 1.0471418242052983 81.11364770765498 1 127 126 127
0.146 0.923 -0.476 8 61.66 1.0487235097965526 81.01143575560839 1 127 126 127
0.146 0.921 -0.481 8 61.37 1.0492463962292173 80.99223632229297 1 126 126 127
0.149 0.92 -0.476 8.19 61.54 1.046507047276797 80.80045426445109 1 126 126 127
0.144 0.931 -0.484 7.81 61.52 1.059128415254732 81.20759791251218 1 126 127 127
0.14 0.935 -0.486 7.57 61.59 1.063024458796692 81.48421759564994 1 126 127 127
0.142 0.935 -0.483 7.68 61.7 1.0619218426984163 81.364384968089 1 126 127 126
0.14 0.932 -0.484 7.59 61.6 1.0594715663952479 81.45721009232429 1 126 127 126
0.139 0.926 -0.477 7.6 61.78 1.0508691640732448 81.4631831908862 1 126 127 126
0.153 0.905 -0.475 8.51 61.13 1.0334693996437436 80.40426496956421 1 126 127 126
0.149 0.903 -0.476 8.3 61.09 1.0315939123511733 80.63030605968952 1 126 127 125
0.145 0.909 -0.48 8.03 61.12 1.0381261965676427 80.93676678344029 1 126 127 125
0.136 0.921 -0.488 7.43 61.19 1.0511331980296315 81.60008813105357 1 126 127 125
0.115 0.932 -0.493 6.22 61.49 1.060612087428764 82.96579712070613 1 126 127 125
0.085 0.936 -0.495 4.59 61.78 1.0622363202225766 84.81109038514023 1 126 127 125
0.057 0.95 -0.499 3.04 62.14 1.074592946189393 86.56636963754949 1 126 127 125
0.017 0.96 -0.488 0.9 63.04 1.0770482811833462 88.98549327364363 1 126 127 125
-0.006 0.966 -0.484 -0.32 63.39 1.0804850762504774 90.35586983062188 -1 126 127 125
-0.016 0.979 -0.486 -0.84 63.59 1.0931116136973387 90.93631344781319 -1 125 127 125
0 0.98 -0.495 0 63.2 1.0979184851344839 90 -1 125 127 125
-0.002 0.979 -0.515 -0.1 62.25 1.1061961851317332 90.11704943780668 -1 125 127 125
-0.021 0.975 -0.555 -1.07 60.33 1.1220922421975834 91.23387216700007 -1 125 127 125
-0.017 0.97 -0.618 -0.85 57.49 1.1502664908620088 91.0040500463429 -1 124 127 125
-0.001 0.952 -0.719 -0.05 52.94 1.1930071248739464 90.06018462021014 -1 125 128 125
-0.034 0.917 -0.917 -1.5 44.98 1.2972794610260352 92.12340736263904 -1 125 129 125
-0.042 0.895 -1.004 -1.79 41.69 1.3456615473439077 92.68676939941574 -1 126 130 125
-0.065 0.861 -1.045 -2.75 39.43 1.3555703596641526 94.31727598432653 -1 127 130 125
-0.125 0.826 -1.004 -5.49 39.23 1.3061075759676153 98.60537386309053 -1 127 130 125
-0.197 0.747 -0.793 -10.25 42.43 1.1070984599393137 104.77376221673548 -1 127 127 122
-0.128 0.696 -0.655 -7.63 46.2 0.9642743385572385 100.42071239679451 -1 127 123 121
-0.092 0.652 -0.505 -6.37 51.79 0.8298150396323267 98.03165609448375 -1 125 119 121
0.049 0.616 -0.338 3.99 60.99 0.7043443759979915 85.45195759087458 1 123 116 123
0.188 0.614 -0.195 16.27 66.2 0.6710923930428655 72.97599199746072 1 121 114 125
0.365 0.64 -0.085 29.48 59.65 0.741653557936588 60.30334746230094 -3 119 113 127
0.442 0.776 0.066 29.58 60.06 0.8954864599758056 60.334696123435144 3 118 114 130
0.458 1.048 0.248 23.04 63.57 1.1702871442513585 66.39357041250904 3 120 116 131
0.434 1.114 0.323 20.51 64.1 1.23841874985806 68.71475474341302 3 121 117 130
0.331 1.155 0.424 15.06 65.03 1.2741122399537648 74.00875176445142 1 122 119 130
0.213 1.185 0.501 9.4 65.33 1.3040686331631477 79.81007693753669 1 123 121 129
0.138 0.91 -0.48 7.64 61.24 1.0380481684392107 81.37689142792061 1 126 127 126
0.131 0.912 -0.457 7.32 62.47 1.0284716816714012 81.82592545224148 1 126 127 126
0.14 0.927 -0.47 7.67 62.12 1.0487273239503203 81.41181775258653 1 126 127 126
0.147 0.932 -0.468 8.02 62.24 1.053212704063144 81.03684428360897 1 126 127 126
0.148 0.931 -0.471 8.07 62.06 1.0538054848974738 80.96733812274518 1 126 127 126
0.155 0.925 -0.474 8.48 61.67 1.0508691640732448 80.48746239772102 1 126 127 126
0.167 0.925 -0.495 9.04 60.54 1.0623271624127852 79.76603037524728 1 126 127 126
0.161 0.916 -0.48 8.85 61.07 1.0466025988884224 80.03127609865368 1 126 127 126
0.147 0.915 -0.47 8.13 61.71 1.0391024973504779 80.87309363811688 1 126 127 126
0.144 0.916 -0.472 7.96 61.69 1.0404691249623894 81.06592178443171 1 126 127 126
0.141 0.917 -0.471 7.79 61.8 1.0404859441626302 81.25853295824172 1 126 126 126
0.134 0.911 -0.467 7.46 61.93 1.0324562944744926 81.63230323952783 1 126 126 126
0.125 0.91 -0.464 6.98 62.16 1.0290874598400275 82.17864789562506 1 126 126 126
0.12 0.905 -0.467 6.72 61.95 1.025433566838925 82.44683022497075 1 126 126 126
0.12 0.903 -0.47 6.72 61.76 1.0250409747907643 82.43029494518218 1 126 126 127
0.122 0.909 -0.47 6.8 61.89 1.0305653788091274 82.35581781861016 1 126 126 127
0.132 0.912 -0.476 7.31 61.56 1.0371807942687716 81.7643806757905 1 126 126 127
0.138 0.918 -0.476 7.6 61.64 1.043237269272911 81.45092317958131 1 126 126 127
0.144 0.921 -0.477 7.9 61.59 1.0471418242052983 81.11364770765498 1 127 126 127
0.146 0.923 -0.476 8 61.66 1.0487235097965526 81.01143575560839 1 127 126 127
0.146 0.921 -0.481 8 61.37 1.0492463962292173 80.99223632229297 1 126 126 127
0.149 0.92 -0.476 8.19 61.54 1.046507047276797 80.80045426445109 1 126 126 127
0.144 0.931 -0.484 7.81 61.52 1.059128415254732 81.20759791251218 1 126 127 127
0.14 0.935 -0.486 7.57 61.59 1.063024458796692 81.48421759564994 1 126 127 127
0.142 0.935 -0.483 7.68 61.7 1.0619218426984163 81.364384968089 1 126 127 126
0.14 0.932 -0.484 7.59 61.6 1.0594715663952479 81.45721009232429 1 126 127 126
0.139 0.926 -0.477 7.6 61.78 1.0508691640732448 81.4631831908862 1 126 127 126
0.153 0.905 -0.475 8.51 61.13 1.0334693996437436 80.40426496956421 1 126 127 126
0.149 0.903 -0.476 8.3 61.09 1.0315939123511733 80.63030605968952 1 126 127 125
0.145 0.909 -0.48 8.03 61.12 1.0381261965676427 80.93676678344029 1 126 127 125
0.136 0.921 -0.488 7.43 61.19 1.0511331980296315 81.60008813105357 1 126 127 125
0.115 0.932 -0.493 6.22 61.49 1.060612087428764 82.96579712070613 1 126 127 125
0.085 0.936 -0.495 4.59 61.78 1.0622363202225766 84.81109038514023 1 126 127 125
0.057 0.95 -0.499 3.04 62.14 1.074592946189393 86.56636963754949 1 126 127 125
0.017 0.96 -0.488 0.9 63.04 1.0770482811833462 88.98549327364363 1 126 127 125
-0.006 0.966 -0.484 -0.32 63.39 1.0804850762504774 90.35586983062188 -1 126 127 125
-0.016 0.979 -0.486 -0.84 63.59 1.0931116136973387 90.93631344781319 -1 125 127 125
0 0.98 -0.495 0 63.2 1.0979184851344839 90 -1 125 127 125
-0.002 0.979 -0.515 -0.1 62.25 1.1061961851317332 90.11704943780668 -1 125 127 125
-0.021 0.975 -0.555 -1.07 60.33 1.1220922421975834 91.23387216700007 -1 125 127 125
-0.017 0.97 -0.618 -0.85 57.49 1.1502664908620088 91.0040500463429 -1 124 127 125
-0.001 0.952 -0.719 -0.05 52.94 1.1930071248739464 90.06018462021014 -1 125 128 125
-0.034 0.917 -0.917 -1.5 44.98 1.2972794610260352 92.12340736263904 -1 125 129 125
-0.042 0.895 -1.004 -1.79 41.69 1.3456615473439077 92.68676939941574 -1 126 130 125
-0.065 0.861 -1.045 -2.75 39.43 1.3555703596641526 94.31727598432653 -1 127 130 125
-0.125 0.826 -1.004 -5.49 39.23 1.3061075759676153 98.60537386309053 -1 127 130 125
-0.197 0.747 -0.793 -10.25 42.43 1.1070984599393137 104.77376221673548 -1 127 127 122
-0.128 0.696 -0.655 -7.63 46.2 0.9642743385572385 100.42071239679451 -1 127 123 121
-0.092 0.652 -0.505 -6.37 51.79 0.8298150396323267 98.03165609448375 -1 125 119 121
0.049 0.616 -0.338 3.99 60.99 0.7043443759979915 85.45195759087458 1 123 116 123
0.188 0.614 -0.195 16.27 66.2 0.6710923930428655 72.97599199746072 1 121 114 125
0.365 0.64 -0.085 29.48 59.65 0.741653557936588 60.30334746230094 -3 119 113 127
0.442 0.776 0.066 29.58 60.06 0.8954864599758056 60.334696123435144 3 118 114 130
0.458 1.048 0.248 23.04 63.57 1.1702871442513585 66.39357041250904 3 120 116 131
0.434 1.114 0.323 20.51 64.1 1.23841874985806 68.71475474341302 3 121 117 130
0.331 1.155 0.424 15.06 65.03 1.2741122399537648 74.00875176445142 1 122 119 130
0.213 1.185 0.501 9.4 65.33 1.3040686331631477 79.81007693753669 1 123 121 129
0.152 1.2 0.577 6.51 63.56 1.340161557425074 82.78097917513034 1 124 123 128
0.041 1.244 0.688 1.65 61.01 1.4221677116289766 88.11231757250772 1 127 127 127
-0.008 1.274 0.669 -0.32 62.29 1.4389930507128934 90.35978038586188 -1 128 129 126
0.008 1.215 0.57 0.34 64.86 1.342083827486197 89.62274929028769 1 130 131 126
0.09 1.139 0.41 4.25 69.77 1.213886732772049 85.48206482684749 1 131 133 127
0.14 1.051 0.251 7.38 74.71 1.089587995528585 82.41249851725665 1 132 133 127
0.129 0.976 0.024 7.53 82.34 0.9847806862444044 82.47073640244925 3 131 133 126
0.127 0.891 -0.192 7.93 75.51 0.9202575726393127 81.88790386131444 1 131 132 126
0.05 0.702 -0.517 3.28 53.5 0.8732657098501005 85.92598390411707 1 133 130 123
-0.049 0.657 -0.658 -3.02 44.88 0.9311358654890274 94.26530447960249 -1 131 130 122
-0.105 0.617 -0.738 -6.23 39.61 0.9676559305869004 99.65797291424477 -1 130 130 122
-0.158 0.578 -0.764 -9.37 36.53 0.9709500502085573 105.2886642375814 -1 130 130 121
-0.243 0.604 -0.804 -13.58 35.72 1.0345438608391624 111.91580478688263 -1 129 130 121
-0.316 0.606 -0.709 -18.72 37.98 0.98477053164684 117.53988528714287 -1 127 130 122
-0.364 0.667 -0.657 -21.25 41.61 1.0045068441777787 118.6224953300069 -1 127 129 123
-0.406 0.735 -0.61 -23.03 45.09 1.0378636712015696 118.91542434162672 -1 128 128 124
-0.447 0.88 -0.558 -23.22 50.91 1.133831116172069 116.92849936657602 -1 128 127 126
-0.437 0.942 -0.554 -21.8 53.16 1.1769660148024665 114.88689571402693 -1 128 126 127
-0.383 0.967 -0.569 -18.85 54.65 1.1855543007386882 111.6070485445449 -1 128 126 128
-0.33 0.988 -0.558 -16.22 56.73 1.1816970847048747 108.46973678435033 -1 127 126 128
-0.283 0.997 -0.555 -13.93 58 1.1756372739922802 105.84667563629806 -1 127 125 128
-0.267 0.991 -0.555 -13.23 58.14 1.1667883269899473 105.07885468362608 -1 127 125 127
-0.262 0.972 -0.531 -13.31 58.65 1.1381515716283135 105.08539829831004 -1 127 125 127
