-0.504 0.92 -0.361 -27.02 56.03 1.109385866143967 118.7150775281166 -3 126 131 127
-0.469 0.935 -0.366 -25.04 57.53 1.1082156829787242 116.63853866929017 -3 126 131 127
-0.435 0.926 -0.388 -23.43 57.81 1.0941869127347486 115.16237403460691 -3 126 131 126
-0.356 0.892 -0.403 -19.99 58.92 1.0415416458308329 111.75709721404753 -1 125 132 126
-0.353 0.857 -0.389 -20.56 58.49 1.005176103973826 112.38685990867907 -1 125 132 126
-0.358 0.834 -0.381 -21.33 57.92 0.9843175300684225 113.23174778975758 -1 125 132 125
-0.383 0.836 -0.356 -22.86 57.97 0.9860633853865581 114.61412444691337 -3 124 132 126
-0.342 0.812 -0.368 -20.99 58.26 0.9548465845359663 112.83996289618241 -1 124 132 126
-0.336 0.807 -0.38 -20.64 57.85 0.9531762691129065 112.60473934661961 -1 124 131 126
-0.335 0.805 -0.385 -20.58 57.63 0.9531395490692851 112.59459111663466 -1 124 130 127
-0.344 0.824 -0.385 -20.72 57.93 0.9723872685303937 112.65935204000587 -1 124 131 127
-0.377 0.854 -0.367 -22.08 58.36 1.003062311125286 113.81915634679878 -3 124 130 127
-0.372 0.868 -0.363 -21.57 59.09 1.011719822875879 113.1985905136482 -3 124 130 127
-0.384 0.881 -0.37 -21.89 58.81 1.0298140608867214 113.55086235268281 -3 125 130 127
-0.409 0.885 -0.368 -23.11 58.13 1.0420796514662398 114.80387259999263 -3 125 129 127
-0.438 0.878 -0.38 -24.6 56.56 1.052201501614591 116.51282167512478 -3 125 129 127
-0.482 0.874 -0.387 -26.76 54.73 1.0704994161605135 118.87618262983939 -3 125 128 127
-0.505 0.867 -0.395 -27.93 53.52 1.078303760542455 120.21944297858349 -3 126 128 127
-0.484 0.878 -0.401 -26.63 54.4 1.0797874790902144 118.86587619188732 -3 126 128 127
-0.446 0.895 -0.404 -24.43 56.08 1.0784975660612315 116.48817853154998 -3 127 127 126
-0.391 0.911 -0.4 -21.45 58.45 1.0690191766287451 113.22894589068254 -1 127 127 126
-0.341 0.919 -0.4 -18.79 60.23 1.0586982572952504 110.35764868644371 -1 127 127 126
-0.306 0.928 -0.4 -16.85 61.51 1.0558503681867049 108.24952623557809 -1 127 127 126
-0.278 0.933 -0.4 -15.32 62.43 1.0525079572145761 106.59213890708381 -1 127 127 127
-0.26 0.924 -0.401 -14.47 62.65 1.0402773668594352 105.71582045145689 -1 127 127 127
-0.258 0.923 -0.401 -14.38 62.68 1.038890754603197 105.61691574165945 -1 127 127 127
-0.263 0.918 -0.4 -14.72 62.46 1.0353226550211292 105.98660402062502 -1 126 126 126
-0.277 0.908 -0.397 -15.62 61.94 1.02898104938818 106.96516966358405 -1 126 126 126
-0.287 0.905 -0.396 -16.2 61.61 1.028693345949122 107.59523070281571 -1 126 126 126
-0.318 0.907 -0.392 -17.84 60.9 1.0379966281255446 109.32099257651748 -1 126 126 124
-0.318 0.907 -0.392 -17.84 60.9 1.0379966281255446 109.32099257651748 -1 126 126 124
-0.374 0.916 -0.396 -20.54 59.26 1.0657147836076968 112.21004362784026 -1 125 125 123
-0.433 0.908 -0.393 -23.64 57.22 1.080000925925529 115.49517876804423 -3 125 124 122
-0.511 0.901 -0.415 -27.25 53.85 1.1158615505518594 119.55963633746998 -3 125 124 121
-0.661 0.893 -0.433 -33.67 48.5 1.1924172927293533 126.50890291182561 -3 126 123 121
-0.806 0.87 -0.476 -39.1 42.91 1.277932705583514 132.81315686428434 -3 126 121 121
-1.074 0.746 -0.565 -48.93 31.58 1.4245058792437468 145.2161705410964 -3 127 120 123
-1.144 0.676 -0.567 -52.36 27.9 1.444714850757754 149.42077312751098 -3 128 120 125
-1.076 0.624 -0.545 -52.4 27.35 1.3580047864422276 149.88945455233647 -3 128 121 127
-0.957 0.573 -0.498 -51.58 27.97 1.2215490166178349 149.0890993380923 -3 127 122 129
-1.029 0.484 -0.334 -60.25 24.1 1.1851805769586337 154.80960339011466 -3 128 120 132
-0.818 0.477 -0.327 -54.74 28.43 1.0017893990255637 149.75227371128207 -3 128 120 134
-0.611 0.472 -0.307 -47.34 34.62 0.8308754419285721 142.31376695609197 -3 127 119 136
-0.417 0.467 -0.322 -36.32 41.55 0.7040326696965135 131.76273771842824 -3 127 119 137
-0.038 0.607 -0.361 -3.08 59.12 0.7072580858498544 93.58221086518323 -1 126 118 140
-0.068 0.693 -0.263 -5.24 68.6 0.7443399760861968 95.60415640173747 -1 125 116 140
0.003 0.768 -0.225 0.21 73.67 0.8002861988064021 89.77618949963146 1 125 114 140
0.053 0.809 -0.177 3.66 77.14 0.8298307056261536 86.25173912701503 1 124 114 140
0.188 0.846 -0.183 12.25 72.77 0.8857477067427271 77.47119229084849 -3 124 115 139
0.357 0.828 -0.186 22.82 64.07 0.9206676924927907 66.6762550774707 -3 124 116 139
0.541 0.857 -0.2 31.58 56.06 1.0330198449207062 57.73693434153489 -3 124 117 139
0.743 0.966 -0.208 36.94 51.38 1.2363126627192653 52.4342744800511 -3 123 120 138
0.876 1.048 -0.239 39.18 49.09 1.3866510015140796 50.108496044514645 -3 123 121 136
-0.504 0.92 -0.361 -27.02 56.03 1.109385866143967 118.7150775281166 -3 126 131 127
-0.469 0.935 -0.366 -25.04 57.53 1.1082156829787242 116.63853866929017 -3 126 131 127
-0.435 0.926 -0.388 -23.43 57.81 1.0941869127347486 115.16237403460691 -3 126 131 126
-0.356 0.892 -0.403 -19.99 58.92 1.0415416458308329 111.75709721404753 -1 125 132 126
-0.353 0.857 -0.389 -20.56 58.49 1.005176103973826 112.38685990867907 -1 125 132 126
-0.358 0.834 -0.381 -21.33 57.92 0.9843175300684225 113.23174778975758 -1 125 132 125
-0.383 0.836 -0.356 -22.86 57.97 0.9860633853865581 114.61412444691337 -3 124 132 126
-0.342 0.812 -0.368 -20.99 58.26 0.9548465845359663 112.83996289618241 -1 124 132 126
-0.336 0.807 -0.38 -20.64 57.85 0.9531762691129065 112.60473934661961 -1 124 131 126
-0.335 0.805 -0.385 -20.58 57.63 0.9531395490692851 112.59459111663466 -1 124 130 127
-0.344 0.824 -0.385 -20.72 57.93 0.9723872685303937 112.65935204000587 -1 124 131 127
-0.377 0.854 -0.367 -22.08 58.36 1.003062311125286 113.81915634679878 -3 124 130 127
-0.372 0.868 -0.363 -21.57 59.09 1.011719822875879 113.1985905136482 -3 124 130 127
-0.384 0.881 -0.37 -21.89 58.81 1.0298140608867214 113.55086235268281 -3 125 130 127
-0.409 0.885 -0.368 -23.11 58.13 1.0420796514662398 114.80387259999263 -3 125 129 127
-0.438 0.878 -0.38 -24.6 56.56 1.052201501614591 116.51282167512478 -3 125 129 127
-0.482 0.874 -0.387 -26.76 54.73 1.0704994161605135 118.87618262983939 -3 125 128 127
-0.505 0.867 -0.395 -27.93 53.52 1.078303760542455 120.21944297858349 -3 126 128 127
-0.484 0.878 -0.401 -26.63 54.4 1.0797874790902144 118.86587619188732 -3 126 128 127
-0.446 0.895 -0.404 -24.43 56.08 1.0784975660612315 116.48817853154998 -3 127 127 126
-0.391 0.911 -0.4 -21.45 58.45 1.0690191766287451 113.22894589068254 -1 127 127 126
-0.341 0.919 -0.4 -18.79 60.23 1.0586982572952504 110.35764868644371 -1 127 127 126
-0.306 0.928 -0.4 -16.85 61.51 1.0558503681867049 108.24952623557809 -1 127 127 126
-0.278 0.933 -0.4 -15.32 62.43 1.0525079572145761 106.59213890708381 -1 127 127 127
-0.26 0.924 -0.401 -14.47 62.65 1.0402773668594352 105.71582045145689 -1 127 127 127
-0.258 0.923 -0.401 -14.38 62.68 1.038890754603197 105.61691574165945 -1 127 127 127
-0.263 0.918 -0.4 -14.72 62.46 1.0353226550211292 105.98660402062502 -1 126 126 126
-0.277 0.908 -0.397 -15.62 61.94 1.02898104938818 106.96516966358405 -1 126 126 126
-0.287 0.905 -0.396 -16.2 61.61 1.028693345949122 107.59523070281571 -1 126 126 126
-0.318 0.907 -0.392 -17.84 60.9 1.0379966281255446 109.32099257651748 -1 126 126 124
-0.318 0.907 -0.392 -17.84 60.9 1.0379966281255446 109.32099257651748 -1 126 126 124
-0.374 0.916 -0.396 -20.54 59.26 1.0657147836076968 112.21004362784026 -1 125 125 123
-0.433 0.908 -0.393 -23.64 57.22 1.080000925925529 115.49517876804423 -3 125 124 122
-0.511 0.901 -0.415 -27.25 53.85 1.1158615505518594 119.55963633746998 -3 125 124 121
-0.661 0.893 -0.433 -33.67 48.5 1.1924172927293533 126.50890291182561 -3 126 123 121
-0.806 0.87 -0.476 -39.1 42.91 1.277932705583514 132.81315686428434 -3 126 121 121
-1.074 0.746 -0.565 -48.93 31.58 1.4245058792437468 145.2161705410964 -3 127 120 123
-1.144 0.676 -0.567 -52.36 27.9 1.444714850757754 149.42077312751098 -3 128 120 125
-1.076 0.624 -0.545 -52.4 27.35 1.3580047864422276 149.88945455233647 -3 128 121 127
-0.957 0.573 -0.498 -51.58 27.97 1.2215490166178349 149.0890993380923 -3 127 122 129
-1.029 0.484 -0.334 -60.25 24.1 1.1851805769586337 154.80960339011466 -3 128 120 132
-0.818 0.477 -0.327 -54.74 28.43 1.0017893990255637 149.75227371128207 -3 128 120 134
-0.611 0.472 -0.307 -47.34 34.62 0.8308754419285721 142.31376695609197 -3 127 119 136
-0.417 0.467 -0.322 -36.32 41.55 0.7040326696965135 131.76273771842824 -3 127 119 137
-0.038 0.607 -0.361 -3.08 59.12 0.7072580858498544 93.58221086518323 -1 126 118 140
-0.068 0.693 -0.263 -5.24 68.6 0.7443399760861968 95.60415640173747 -1 125 116 140
0.003 0.768 -0.225 0.21 73.67 0.8002861988064021 89.77618949963146 1 125 114 140
0.053 0.809 -0.177 3.66 77.14 0.8298307056261536 86.25173912701503 1 124 114 140
0.188 0.846 -0.183 12.25 72.77 0.8857477067427271 77.47119229084849 -3 124 115 139
0.357 0.828 -0.186 22.82 64.07 0.9206676924927907 66.6762550774707 -3 124 116 139
0.541 0.857 -0.2 31.58 56.06 1.0330198449207062 57.73693434153489 -3 124 117 139
0.743 0.966 -0.208 36.94 51.38 1.2363126627192653 52.4342744800511 -3 123 120 138
0.876 1.048 -0.239 39.18 49.09 1.3866510015140796 50.108496044514645 -3 123 121 136
0.973 1.141 -0.248 39.8 48.65 1.519905918140988 49.54375765146715 -3 124 122 134
1.094 1.129 -0.293 43.17 44.91 1.599164156676856 45.9020182663263 -3 125 123 131
1.174 1.097 -0.299 45.92 42.16 1.6343457406558748 43.05808648445361 -3 126 125 128
1.213 1.043 -0.292 48.24 39.89 1.6261863361866007 40.690643201556426 -3 128 126 125
1.172 1.061 -0.257 47.03 41.49 1.6016722511175625 42.1542315502108 -3 130 127 121
0.956 0.884 -0.223 46.36 42 1.3210302797438065 42.759134500786466 -3 131 129 116
0.809 0.81 -0.245 43.71 43.78 1.1707288328216745 45.03538960606966 -3 131 131 114
0.591 0.758 -0.207 36.95 50.44 0.9832059804537399 52.057049857041484 -3 129 132 112
0.488 0.582 -0.095 39.61 49.5 0.7654364767895504 50.02057171522969 -3 128 135 111
0.144 0.511 -0.048 15.67 73.46 0.5330675379349225 74.26214288432772 -3 127 135 111
-0.154 0.505 -0.044 -16.9 72.4 0.5297895808715003 106.95911082794849 -3 127 135 112
-0.521 0.55 -0.01 -43.44 46.55 0.7576549346503328 133.44895266114588 -3 124 132 112
-0.828 0.479 -0.061 -59.75 29.98 0.9585123890696458 149.95051486118783 -3 125 131 113
-1.256 0.446 -0.324 -66.3 18.97 1.3716515592525675 160.45027636552578 -3 121 126 114
-1.298 0.388 -0.323 -68.75 16.18 1.392722872649114 163.3574681989263 -3 121 126 116
-1.203 0.293 -0.339 -69.57 13.19 1.2837363436469345 166.31167961401593 2 122 127 119
-1.06 0.335 -0.337 -65.85 16.76 1.1616341937116006 162.46149804195662 2 123 128 122
-0.826 0.576 -0.255 -52.67 33.68 1.0387863110380304 145.11052664518968 -3 128 131 126
-0.732 0.71 -0.252 -44.17 42.52 1.0504418118106305 135.87407029329688 -3 129 130 126
-0.699 0.83 -0.264 -38.75 48.01 1.1167797455183364 130.10303323366074 -3 129 130 126
-0.706 0.904 -0.265 -36.85 50.17 1.1772327722247626 127.98889161139131 -3 129 129 126
-0.774 0.934 -0.241 -38.74 49.04 1.2367348139354695 129.6483316445659 -3 128 128 126
-0.765 0.877 -0.251 -39.98 47.45 1.190527194145518 131.0979275135561 -3 128 127 126
