-0.264 0.942 -0.256 -15.13 68.68 1.0112348886386386 105.65578195884994 -3 127 126 125
-0.28 0.941 -0.249 -16.05 68.29 1.0128583316535436 106.57067831037881 -3 126 126 125
-0.298 0.945 -0.24 -17 67.96 1.0195239084984715 107.50235172929104 -3 126 126 126
-0.31 0.949 -0.24 -17.57 67.55 1.0267916049520467 108.09012567833093 -3 126 126 126
-0.301 0.949 -0.25 -17.05 67.59 1.0264998782269776 107.5977765568896 -3 125 126 126
-0.306 0.959 -0.251 -17.15 67.57 1.0374574690077663 107.69696671425909 -3 125 126 126
-0.309 0.968 -0.255 -17.15 67.52 1.0476306601088001 107.70385655207376 -3 125 127 126
-0.314 0.98 -0.25 -17.25 67.73 1.0590070821292934 107.76588285595268 -3 125 127 126
-0.309 0.982 -0.253 -16.95 67.87 1.0601009385902835 107.46690949358472 -3 125 127 126
-0.303 0.972 -0.254 -16.78 67.87 1.0493374099878456 107.31373933475217 -3 125 127 127
-0.297 0.964 -0.248 -16.61 68.13 1.0387535800178982 107.12360935424793 -3 125 127 127
-0.285 0.937 -0.234 -16.44 68.52 1.0069508428915486 106.91777964378488 -3 126 127 127
-0.279 0.923 -0.225 -16.37 68.78 0.9901489786895707 106.8187644112583 -3 126 127 127
-0.272 0.915 -0.223 -16.11 68.97 0.9802744513655347 106.55551641106698 -3 126 127 127
-0.266 0.909 -0.219 -15.88 69.24 0.972110076071635 106.31102027779828 -3 126 127 127
-0.261 0.908 -0.218 -15.62 69.47 0.9695921823117182 106.03702908459506 -3 126 127 127
-0.26 0.907 -0.217 -15.58 69.53 0.9681621764973057 105.99544315520252 -3 126 127 127
-0.259 0.912 -0.215 -15.45 69.74 0.9721368216460068 105.85408134847026 -3 126 127 127
-0.26 0.932 -0.222 -15.18 69.86 0.9927275557775155 105.58750528324734 -3 127 127 127
-0.261 0.936 -0.224 -15.17 69.82 0.997192559137903 105.58092384825163 -3 127 127 127
-0.261 0.943 -0.23 -15.05 69.75 1.0051218831564657 105.47082427587826 -3 127 127 127
-0.266 0.945 -0.236 -15.27 69.38 1.009691537054758 105.72092778582278 -3 127 127 126
-0.269 0.947 -0.233 -15.42 69.4 1.0116615046545954 105.85745770087274 -3 127 127 126
-0.276 0.951 -0.235 -15.73 69.13 1.0177435826375913 106.183828896225 -3 127 127 126
-0.288 0.958 -0.236 -16.27 68.76 1.0278151584793833 106.73216022779472 -3 127 126 126
-0.327 0.972 -0.247 -18.06 67.14 1.0548563883297102 108.59395612843707 -3 127 126 126
-0.36 0.97 -0.258 -19.73 65.46 1.0663320308421762 110.36160327538616 -3 126 126 126
-0.39 0.965 -0.265 -21.29 63.96 1.074034450099251 112.00585386224785 -3 126 126 126
-0.416 0.961 -0.273 -22.61 62.63 1.0821765105563879 113.40693788445441 -3 126 126 126
-0.443 0.953 -0.273 -24.08 61.36 1.08581167796262 114.93125947269021 -3 126 126 126
-0.461 0.941 -0.272 -25.2 60.37 1.0825830222204669 116.10043489491892 -3 126 126 127
-0.476 0.937 -0.271 -26.01 59.69 1.0853506345877355 116.93076395203065 -3 126 126 127
-0.503 0.93 -0.273 -27.43 58.39 1.091988095173203 118.40719197730361 -3 126 126 127
-0.503 0.935 -0.274 -27.31 58.51 1.096498974007728 118.27882576726365 -3 126 126 127
-0.497 0.929 -0.278 -27.14 58.49 1.0896485671995353 118.14606195703868 -3 126 126 127
-0.489 0.913 -0.28 -27.12 58.32 1.0728886242290017 118.17336541200292 -3 126 126 128
-0.458 0.903 -0.274 -25.89 59.42 1.0489275475455873 116.89404276175242 -3 126 126 128
-0.423 0.885 -0.268 -24.58 60.5 1.016847087816059 115.54621858391266 -3 125 126 128
-0.38 0.874 -0.263 -22.6 62.13 0.9886581815774348 113.49856567595211 -3 125 126 128
-0.327 0.872 -0.247 -19.84 64.83 0.9634946808363811 110.55604521958348 -3 125 125 128
-0.219 0.871 -0.196 -13.78 71.35 0.9192486061996504 104.113607422413 -3 125 124 129
-0.176 0.866 -0.179 -11.26 73.83 0.9016501538845318 101.48794808256623 -1 124 123 129
-0.141 0.862 -0.156 -9.14 76.29 0.8872772960016502 99.28977756263956 -1 124 123 130
-0.124 0.887 -0.131 -7.87 78.51 0.9051552353049724 97.9582064841792 -1 123 123 130
-0.1 0.922 -0.112 -6.15 80.75 0.9341455989298456 96.1900959771775 -1 123 122 130
-0.079 0.945 -0.112 -4.75 81.75 0.9548874279201711 94.77869443917916 -1 123 123 130
-0.264 0.942 -0.256 -15.13 68.68 1.0112348886386386 105.65578195884994 -3 127 126 125
-0.28 0.941 -0.249 -16.05 68.29 1.0128583316535436 106.57067831037881 -3 126 126 125
-0.298 0.945 -0.24 -17 67.96 1.0195239084984715 107.50235172929104 -3 126 126 126
-0.31 0.949 -0.24 -17.57 67.55 1.0267916049520467 108.09012567833093 -3 126 126 126
-0.301 0.949 -0.25 -17.05 67.59 1.0264998782269776 107.5977765568896 -3 125 126 126
-0.306 0.959 -0.251 -17.15 67.57 1.0374574690077663 107.69696671425909 -3 125 126 126
-0.309 0.968 -0.255 -17.15 67.52 1.0476306601088001 107.70385655207376 -3 125 127 126
-0.314 0.98 -0.25 -17.25 67.73 1.0590070821292934 107.76588285595268 -3 125 127 126
-0.309 0.982 -0.253 -16.95 67.87 1.0601009385902835 107.46690949358472 -3 125 127 126
-0.303 0.972 -0.254 -16.78 67.87 1.0493374099878456 107.31373933475217 -3 125 127 127
-0.297 0.964 -0.248 -16.61 68.13 1.0387535800178982 107.12360935424793 -3 125 127 127
-0.285 0.937 -0.234 -16.44 68.52 1.0069508428915486 106.91777964378488 -3 126 127 127
-0.279 0.923 -0.225 -16.37 68.78 0.9901489786895707 106.8187644112583 -3 126 127 127
-0.272 0.915 -0.223 -16.11 68.97 0.9802744513655347 106.55551641106698 -3 126 127 127
-0.266 0.909 -0.219 -15.88 69.24 0.972110076071635 106.31102027779828 -3 126 127 127
-0.261 0.908 -0.218 -15.62 69.47 0.9695921823117182 106.03702908459506 -3 126 127 127
-0.26 0.907 -0.217 -15.58 69.53 0.9681621764973057 105.99544315520252 -3 126 127 127
-0.259 0.912 -0.215 -15.45 69.74 0.9721368216460068 105.85408134847026 -3 126 127 127
-0.26 0.932 -0.222 -15.18 69.86 0.9927275557775155 105.58750528324734 -3 127 127 127
-0.261 0.936 -0.224 -15.17 69.82 0.997192559137903 105.58092384825163 -3 127 127 127
-0.261 0.943 -0.23 -15.05 69.75 1.0051218831564657 105.47082427587826 -3 127 127 127
-0.266 0.945 -0.236 -15.27 69.38 1.009691537054758 105.72092778582278 -3 127 127 126
-0.269 0.947 -0.233 -15.42 69.4 1.0116615046545954 105.85745770087274 -3 127 127 126
-0.276 0.951 -0.235 -15.73 69.13 1.0177435826375913 106.183828896225 -3 127 127 126
-0.288 0.958 -0.236 -16.27 68.76 1.0278151584793833 106.73216022779472 -3 127 126 126
-0.327 0.972 -0.247 -18.06 67.14 1.0548563883297102 108.59395612843707 -3 127 126 126
-0.36 0.97 -0.258 -19.73 65.46 1.0663320308421762 110.36160327538616 -3 126 126 126
-0.39 0.965 -0.265 -21.29 63.96 1.074034450099251 112.00585386224785 -3 126 126 126
-0.416 0.961 -0.273 -22.61 62.63 1.0821765105563879 113.40693788445441 -3 126 126 126
-0.443 0.953 -0.273 -24.08 61.36 1.08581167796262 114.93125947269021 -3 126 126 126
-0.461 0.941 -0.272 -25.2 60.37 1.0825830222204669 116.10043489491892 -3 126 126 127
-0.476 0.937 -0.271 -26.01 59.69 1.0853506345877355 116.93076395203065 -3 126 126 127
-0.503 0.93 -0.273 -27.43 58.39 1.091988095173203 118.40719197730361 -3 126 126 127
-0.503 0.935 -0.274 -27.31 58.51 1.096498974007728 118.27882576726365 -3 126 126 127
-0.497 0.929 -0.278 -27.14 58.49 1.0896485671995353 118.14606195703868 -3 126 126 127
-0.489 0.913 -0.28 -27.12 58.32 1.0728886242290017 118.17336541200292 -3 126 126 128
-0.458 0.903 -0.274 -25.89 59.42 1.0489275475455873 116.89404276175242 -3 126 126 128
-0.423 0.885 -0.268 -24.58 60.5 1.016847087816059 115.54621858391266 -3 125 126 128
-0.38 0.874 -0.263 -22.6 62.13 0.9886581815774348 113.49856567595211 -3 125 126 128
-0.327 0.872 -0.247 -19.84 64.83 0.9634946808363811 110.55604521958348 -3 125 125 128
-0.219 0.871 -0.196 -13.78 71.35 0.9192486061996504 104.113607422413 -3 125 124 129
-0.176 0.866 -0.179 -11.26 73.83 0.9016501538845318 101.48794808256623 -1 124 123 129
-0.141 0.862 -0.156 -9.14 76.29 0.8872772960016502 99.28977756263956 -1 124 123 130
-0.124 0.887 -0.131 -7.87 78.51 0.9051552353049724 97.9582064841792 -1 123 123 130
-0.1 0.922 -0.112 -6.15 80.75 0.9341455989298456 96.1900959771775 -1 123 122 130
-0.079 0.945 -0.112 -4.75 81.75 0.9548874279201711 94.77869443917916 -1 123 123 130
-0.046 0.958 -0.1 -2.73 83.45 0.9643028569904789 92.74904290285562 -1 123 122 131
0.027 0.941 -0.077 1.64 85.04 0.9445311005996573 88.35647000901956 1 124 122 132
0.067 0.919 -0.064 4.16 84.24 0.9236590279968037 85.8302094763024 -3 124 122 132
0.117 0.915 -0.042 7.28 82.26 0.9234056530041388 82.71319688601838 -3 124 122 132
0.156 0.925 -0.018 9.57 80.36 0.9382350451779128 80.42722339416706 -3 124 122 132
0.207 0.956 -0.005 12.22 77.78 0.9781666524677683 77.78251027348063 -3 124 123 132
0.273 1.011 0.015 15.11 74.87 1.0473180032826706 74.88884023901423 3 125 123 131
0.334 1.034 0.024 17.9 72.06 1.0868707374844535 72.0986402162921 3 125 124 130
0.462 1.1 0.013 22.78 67.21 1.1931525468271023 67.21759426951832 3 126 124 129
0.504 1.121 0.01 24.21 65.79 1.2291285530814098 65.79138444894214 3 127 125 128
0.515 1.1 0.009 25.09 64.91 1.2146217518223523 64.91186087407303 3 127 126 127
0.534 1.102 0.008 25.85 64.14 1.2245913604137506 64.14640111696453 3 128 127 127
0.541 1.082 0.005 26.56 63.43 1.209723108814575 63.43494882292201 3 128 127 126
0.501 1.058 -0.028 25.33 64.63 1.1709607166766953 64.66080822520165 -3 129 128 124
0.457 1.05 -0.051 23.5 66.35 1.1462765809349855 66.47948956277264 -3 129 128 124
0.413 1.028 -0.067 21.85 67.85 1.1098837776992687 68.11215712034429 -3 129 128 123
0.356 1.021 -0.108 19.12 69.98 1.0866650817984351 70.77747234447945 -3 129 128 123
0.276 0.996 -0.105 15.41 73.49 1.0388536951852267 74.51149855709032 -3 129 128 123
0.198 0.964 -0.119 11.52 76.52 0.9912925905099865 78.3932008586551 -3 129 128 122
0.133 0.921 -0.128 8.14 78.67 0.9393157083749851 81.7828220601269 -3 128 128 122
0.054 0.867 -0.135 3.52 80.48 0.8791075019586626 86.43600853293604 1 127 128 120
0.047 0.838 -0.178 3.14 77.61 0.8579842655899932 86.78987669439827 1 127 129 119
0.045 0.806 -0.211 3.09 75.01 0.8343752153557775 86.80442171052944 1 127 129 119
