-0.364 0.885 -0.517 -19.55 54.46 1.0876626315176963 112.35733789198534 -1 121 125 127
-0.321 0.884 -0.506 -17.49 55.87 1.067957396153985 109.95708191453588 -1 122 126 127
-0.254 0.837 -0.49 -14.68 56.6 1.0025891481559133 106.88119473995002 -1 125 128 128
-0.246 0.832 -0.448 -14.59 58.44 0.9764445708794739 106.47152981555544 -1 125 129 128
-0.238 0.833 -0.461 -14.04 58.08 0.9813531474448941 105.94539590092286 -1 125 129 128
-0.25 0.843 -0.453 -14.64 58.46 0.9891198107408424 106.51824509688568 -1 125 129 128
-0.27 0.848 -0.434 -15.82 58.92 0.9901313044238123 107.66127885417313 -1 124 128 128
-0.275 0.85 -0.442 -16.02 58.52 0.9967391835380005 107.92791976200725 -1 124 128 128
-0.277 0.859 -0.475 -15.76 57.38 1.0199191144399637 107.87284988888048 -1 124 128 128
-0.286 0.845 -0.47 -16.48 56.93 1.008325840192544 108.69898280418113 -1 125 128 127
-0.298 0.817 -0.474 -17.51 55.58 0.9904387916474192 110.03939472415983 -1 127 128 126
-0.287 0.833 -0.479 -16.63 56.16 1.0028454517023049 109.010766416167 -1 128 128 126
-0.286 0.874 -0.51 -15.78 56.22 1.051556940921413 108.11970699977155 -1 129 128 126
-0.277 0.885 -0.525 -15.07 56.15 1.065635491150703 107.37982524285397 -1 129 128 126
-0.265 0.908 -0.52 -14.21 57.27 1.0793928849126253 106.26989655572882 -1 129 129 126
-0.14 0.933 -0.61 -7.16 56.15 1.1234718510047326 98.53376853339995 -1 129 131 129
-0.133 0.923 -0.645 -6.74 54.49 1.1338619845466202 98.19961494305699 -1 128 132 130
-0.12 0.871 -0.639 -6.34 53.26 1.0869047796380324 97.84440918308444 -1 128 131 130
-0.1 0.861 -0.651 -5.29 52.59 1.0840304423769658 96.62487986056475 -1 128 130 130
-0.197 0.841 -0.603 -10.78 52.97 1.0534225173215161 103.18354700107142 -1 128 127 127
-0.202 0.836 -0.596 -11.13 53.03 1.0463823393005063 103.58383272762046 -1 127 125 126
-0.195 0.831 -0.575 -10.92 53.85 1.0291797704968748 103.20592798166848 -1 127 123 126
-0.191 0.826 -0.563 -10.82 54.26 1.0177062444536733 103.01994425004625 -1 126 122 125
-0.199 0.826 -0.551 -11.33 54.65 1.012658876423843 103.54556937016652 -1 126 122 125
-0.218 0.863 -0.518 -12.22 56.93 1.0298626121964036 104.17675054746765 -1 125 124 126
-0.218 0.872 -0.529 -12.07 56.73 1.0429520602597224 104.03624346792648 -1 125 125 126
-0.225 0.873 -0.54 -12.36 56.17 1.0508824862942574 104.452428251093 -1 124 125 126
-0.225 0.873 -0.539 -12.37 56.22 1.0503689827865255 104.452428251093 -1 124 125 126
-0.209 0.867 -0.542 -11.55 56.18 1.043615829699799 103.55320645829197 -1 124 126 126
-0.201 0.852 -0.524 -11.36 56.63 1.0202357570679434 103.27424976579212 -1 124 126 126
-0.203 0.85 -0.5 -11.63 57.59 1.0068311675747825 103.43198065943724 -1 124 127 126
-0.184 0.888 -0.48 -10.33 59.93 1.0260604270704528 101.70643672915334 -1 125 129 125
-0.185 0.898 -0.462 -10.38 61.01 1.0266805734988853 101.64083490121982 -1 125 129 125
-0.202 0.913 -0.457 -11.19 61.31 1.0407795155555284 102.4756391550934 -1 125 129 125
-0.213 0.909 -0.469 -11.76 60.46 1.044801895097822 103.18780992130559 -1 125 128 124
-0.239 0.897 -0.458 -13.35 60.06 1.035129943533661 104.9194896688699 -1 125 127 124
-0.326 0.854 -0.507 -18.17 54.79 1.0452946952893238 110.89350685610009 -1 125 125 123
-0.357 0.847 -0.511 -19.84 53.65 1.0516553617987214 112.85481996177673 -1 124 125 123
-0.386 0.86 -0.496 -21.25 53.84 1.0651816746452223 114.17231747463457 -1 124 125 123
-0.416 0.866 -0.495 -22.64 53.25 1.0807576046459262 115.65821047194167 -1 125 126 123
-0.452 0.862 -0.495 -24.45 52.13 1.0919583325383804 117.67080667860644 -1 125 127 124
-0.463 0.855 -0.469 -25.4 52.37 1.0795160952945537 118.4364518415981 -1 125 127 124
-0.478 0.843 -0.465 -26.4 51.65 1.0748758067795552 119.55421384930999 -3 125 127 124
-0.496 0.752 -0.458 -29.39 48.08 1.0105859686340397 123.40782458970894 -3 125 126 124
-0.464 0.716 -0.456 -28.66 47.74 0.9674130451880416 122.94504086484838 -3 125 126 124
-0.4 0.766 -0.474 -23.94 51 0.9856124999207346 117.5732579241461 -1 126 125 124
-0.401 0.767 -0.46 -24.15 51.49 0.9801479480160126 117.60129594633007 -1 126 124 124
-0.401 0.792 -0.453 -23.73 52.62 0.9966313260178009 116.85369246076706 -1 127 124 124
-0.429 0.814 -0.425 -25.04 53.43 1.0135393430942876 117.7904424794521 -3 127 124 124
-0.454 0.863 -0.391 -25.6 55.23 1.0506026841770395 117.74759428041888 -3 127 123 124
-0.532 0.746 -0.367 -32.61 49.1 0.9870303946687762 125.49406264218038 -3 127 123 124
-0.567 0.675 -0.384 -36.13 44.59 0.9615456307425041 130.0302592718897 -3 127 124 125
-0.558 0.669 -0.399 -35.62 44.28 0.9581889166547484 129.8308337800078 -3 126 124 126
-0.565 0.635 -0.408 -36.82 42.34 0.9428223586657244 131.66152945623566 -3 126 125 127
-0.55 0.69 -0.392 -34.72 45.61 0.9655381918909267 128.55839990066497 -3 126 126 127
-0.521 0.762 -0.37 -31.59 50.02 0.9944772496140875 124.36147170882975 -3 126 127 127
-0.524 0.774 -0.375 -31.35 50.22 1.0071132011844548 124.098101787574 -3 126 127 127
-0.528 0.795 -0.38 -30.93 50.71 1.0272336637785973 123.59016217036428 -3 126 127 127
-0.55 0.816 -0.381 -31.41 50.65 1.0552331495930176 123.98074260581028 -3 126 127 127
-0.569 0.819 -0.392 -32.07 49.85 1.0715344138197336 124.78962898260609 -3 126 127 127
-0.577 0.814 -0.392 -32.56 49.4 1.0720023320870156 125.33073832540428 -3 126 127 127
-0.581 0.818 -0.397 -32.58 49.3 1.0790245594980683 125.38499562195067 -3 126 127 127
-0.568 0.81 -0.399 -32.17 49.4 1.0667356748510852 125.03946617936074 -3 126 126 126
-0.555 0.802 -0.398 -31.79 49.58 1.053391190394148 124.68400721540681 -3 126 126 126
-0.549 0.797 -0.397 -31.66 49.63 1.04604923402295 124.56035780146159 -3 126 126 126
-0.544 0.795 -0.391 -31.55 49.88 1.0396355130525314 124.38292829148135 -3 126 126 126
-0.541 0.791 -0.387 -31.56 49.94 1.033504233179526 124.36995658516565 -3 126 126 126
-0.552 0.787 -0.368 -32.43 49.87 1.0293187067181866 125.04573192431464 -3 126 126 126
-0.555 0.784 -0.365 -32.69 49.73 1.0275728684623782 125.29498866090493 -3 126 126 126
-0.559 0.785 -0.368 -32.81 49.55 1.031566769530698 125.45474065398376 -3 126 126 126
-0.563 0.813 -0.375 -32.16 50.24 1.0576213878321485 124.70248223156662 -3 126 126 126
-0.577 0.84 -0.383 -32.01 50.5 1.0886771789653718 124.48535796967026 -3 126 126 127
-0.592 0.866 -0.394 -31.89 50.61 1.1205605739985678 124.35661976473993 -3 126 126 127
-0.604 0.905 -0.399 -31.41 51.34 1.1588968892873948 123.71927770928296 -3 125 126 127
-0.631 0.893 -0.39 -32.92 50.28 1.1609091265038791 125.24529276714415 -3 125 125 126
-0.657 0.829 -0.382 -35.75 47.49 1.1246394977947378 128.39756748011533 -3 124 124 125
-0.719 0.721 -0.373 -41.53 41.67 1.0844035226796342 134.92042257962265 -3 124 123 124
-0.782 0.574 -0.368 -48.91 33.59 1.037508554181603 143.72075956880266 -3 124 122 124
-0.847 0.44 -0.355 -56.28 25.6 1.0183486632779561 152.54900222906778 -3 124 121 125
-0.905 0.357 -0.325 -61.92 20.37 1.0257187723737924 158.47199834254607 -3 125 120 126
-0.946 0.331 -0.308 -64.45 18.4 1.0484946351794082 160.715349625737 -3 125 121 128
-0.921 0.352 -0.285 -63.81 20.06 1.0263381509034923 159.08348039204492 -3 126 123 130
-0.799 0.458 -0.24 -57.09 28.77 0.9517168696624013 150.17795271669993 -3 126 125 135
-0.675 0.503 -0.243 -50.39 35.04 0.8761752107883446 143.30706666044787 -3 126 127 137
-0.469 0.55 -0.241 -37.99 46.21 0.7619330679265732 130.455132259225 -3 126 127 138
-0.275 0.615 -0.23 -22.73 59.76 0.711863751008576 114.09201952899035 -3 126 127 140
-0.066 0.765 -0.091 -4.9 81.64 0.7732153645653972 94.93095530197299 -1 125 123 142
-0.364 0.885 -0.517 -19.55 54.46 1.0876626315176963 112.35733789198534 -1 121 125 127
-0.321 0.884 -0.506 -17.49 55.87 1.067957396153985 109.95708191453588 -1 122 126 127
-0.254 0.837 -0.49 -14.68 56.6 1.0025891481559133 106.88119473995002 -1 125 128 128
-0.246 0.832 -0.448 -14.59 58.44 0.9764445708794739 106.47152981555544 -1 125 129 128
-0.238 0.833 -0.461 -14.04 58.08 0.9813531474448941 105.94539590092286 -1 125 129 128
-0.25 0.843 -0.453 -14.64 58.46 0.9891198107408424 106.51824509688568 -1 125 129 128
-0.27 0.848 -0.434 -15.82 58.92 0.9901313044238123 107.66127885417313 -1 124 128 128
-0.275 0.85 -0.442 -16.02 58.52 0.9967391835380005 107.92791976200725 -1 124 128 128
-0.277 0.859 -0.475 -15.76 57.38 1.0199191144399637 107.87284988888048 -1 124 128 128
-0.286 0.845 -0.47 -16.48 56.93 1.008325840192544 108.69898280418113 -1 125 128 127
-0.298 0.817 -0.474 -17.51 55.58 0.9904387916474192 110.03939472415983 -1 127 128 126
-0.287 0.833 -0.479 -16.63 56.16 1.0028454517023049 109.010766416167 -1 128 128 126
-0.286 0.874 -0.51 -15.78 56.22 1.051556940921413 108.11970699977155 -1 129 128 126
-0.277 0.885 -0.525 -15.07 56.15 1.065635491150703 107.37982524285397 -1 129 128 126
-0.265 0.908 -0.52 -14.21 57.27 1.0793928849126253 106.26989655572882 -1 129 129 126
-0.14 0.933 -0.61 -7.16 56.15 1.1234718510047326 98.53376853339995 -1 129 131 129
-0.133 0.923 -0.645 -6.74 54.49 1.1338619845466202 98.19961494305699 -1 128 132 130
-0.12 0.871 -0.639 -6.34 53.26 1.0869047796380324 97.84440918308444 -1 128 131 130
-0.1 0.861 -0.651 -5.29 52.59 1.0840304423769658 96.62487986056475 -1 128 130 130
-0.197 0.841 -0.603 -10.78 52.97 1.0534225173215161 103.18354700107142 -1 128 127 127
-0.202 0.836 -0.596 -11.13 53.03 1.0463823393005063 103.58383272762046 -1 127 125 126
-0.195 0.831 -0.575 -10.92 53.85 1.0291797704968748 103.20592798166848 -1 127 123 126
-0.191 0.826 -0.563 -10.82 54.26 1.0177062444536733 103.01994425004625 -1 126 122 125
-0.199 0.826 -0.551 -11.33 54.65 1.012658876423843 103.54556937016652 -1 126 122 125
-0.218 0.863 -0.518 -12.22 56.93 1.0298626121964036 104.17675054746765 -1 125 124 126
-0.218 0.872 -0.529 -12.07 56.73 1.0429520602597224 104.03624346792648 -1 125 125 126
-0.225 0.873 -0.54 -12.36 56.17 1.0508824862942574 104.452428251093 -1 124 125 126
-0.225 0.873 -0.539 -12.37 56.22 1.0503689827865255 104.452428251093 -1 124 125 126
-0.209 0.867 -0.542 -11.55 56.18 1.043615829699799 103.55320645829197 -1 124 126 126
-0.201 0.852 -0.524 -11.36 56.63 1.0202357570679434 103.27424976579212 -1 124 126 126
-0.203 0.85 -0.5 -11.63 57.59 1.0068311675747825 103.43198065943724 -1 124 127 126
-0.184 0.888 -0.48 -10.33 59.93 1.0260604270704528 101.70643672915334 -1 125 129 125
-0.185 0.898 -0.462 -10.38 61.01 1.0266805734988853 101.64083490121982 -1 125 129 125
-0.202 0.913 -0.457 -11.19 61.31 1.0407795155555284 102.4756391550934 -1 125 129 125
-0.213 0.909 -0.469 -11.76 60.46 1.044801895097822 103.18780992130559 -1 125 128 124
-0.239 0.897 -0.458 -13.35 60.06 1.035129943533661 104.9194896688699 -1 125 127 124
-0.326 0.854 -0.507 -18.17 54.79 1.0452946952893238 110.89350685610009 -1 125 125 123
-0.357 0.847 -0.511 -19.84 53.65 1.0516553617987214 112.85481996177673 -1 124 125 123
-0.386 0.86 -0.496 -21.25 53.84 1.0651816746452223 114.17231747463457 -1 124 125 123
-0.416 0.866 -0.495 -22.64 53.25 1.0807576046459262 115.65821047194167 -1 125 126 123
-0.452 0.862 -0.495 -24.45 52.13 1.0919583325383804 117.67080667860644 -1 125 127 124
-0.463 0.855 -0.469 -25.4 52.37 1.0795160952945537 118.4364518415981 -1 125 127 124
-0.478 0.843 -0.465 -26.4 51.65 1.0748758067795552 119.55421384930999 -3 125 127 124
-0.496 0.752 -0.458 -29.39 48.08 1.0105859686340397 123.40782458970894 -3 125 126 124
-0.464 0.716 -0.456 -28.66 47.74 0.9674130451880416 122.94504086484838 -3 125 126 124
-0.4 0.766 -0.474 -23.94 51 0.9856124999207346 117.5732579241461 -1 126 125 124
-0.401 0.767 -0.46 -24.15 51.49 0.9801479480160126 117.60129594633007 -1 126 124 124
-0.401 0.792 -0.453 -23.73 52.62 0.9966313260178009 116.85369246076706 -1 127 124 124
-0.429 0.814 -0.425 -25.04 53.43 1.0135393430942876 117.7904424794521 -3 127 124 124
-0.454 0.863 -0.391 -25.6 55.23 1.0506026841770395 117.74759428041888 -3 127 123 124
-0.532 0.746 -0.367 -32.61 49.1 0.9870303946687762 125.49406264218038 -3 127 123 124
-0.567 0.675 -0.384 -36.13 44.59 0.9615456307425041 130.0302592718897 -3 127 124 125
-0.558 0.669 -0.399 -35.62 44.28 0.9581889166547484 129.8308337800078 -3 126 124 126
-0.565 0.635 -0.408 -36.82 42.34 0.9428223586657244 131.66152945623566 -3 126 125 127
-0.55 0.69 -0.392 -34.72 45.61 0.9655381918909267 128.55839990066497 -3 126 126 127
-0.521 0.762 -0.37 -31.59 50.02 0.9944772496140875 124.36147170882975 -3 126 127 127
-0.524 0.774 -0.375 -31.35 50.22 1.0071132011844548 124.098101787574 -3 126 127 127
-0.528 0.795 -0.38 -30.93 50.71 1.0272336637785973 123.59016217036428 -3 126 127 127
-0.55 0.816 -0.381 -31.41 50.65 1.0552331495930176 123.98074260581028 -3 126 127 127
-0.569 0.819 -0.392 -32.07 49.85 1.0715344138197336 124.78962898260609 -3 126 127 127
-0.577 0.814 -0.392 -32.56 49.4 1.0720023320870156 125.33073832540428 -3 126 127 127
-0.581 0.818 -0.397 -32.58 49.3 1.0790245594980683 125.38499562195067 -3 126 127 127
-0.568 0.81 -0.399 -32.17 49.4 1.0667356748510852 125.03946617936074 -3 126 126 126
-0.555 0.802 -0.398 -31.79 49.58 1.053391190394148 124.68400721540681 -3 126 126 126
-0.549 0.797 -0.397 -31.66 49.63 1.04604923402295 124.56035780146159 -3 126 126 126
-0.544 0.795 -0.391 -31.55 49.88 1.0396355130525314 124.38292829148135 -3 126 126 126
-0.541 0.791 -0.387 -31.56 49.94 1.033504233179526 124.36995658516565 -3 126 126 126
-0.552 0.787 -0.368 -32.43 49.87 1.0293187067181866 125.04573192431464 -3 126 126 126
-0.555 0.784 -0.365 -32.69 49.73 1.0275728684623782 125.29498866090493 -3 126 126 126
-0.559 0.785 -0.368 -32.81 49.55 1.031566769530698 125.45474065398376 -3 126 126 126
-0.563 0.813 -0.375 -32.16 50.24 1.0576213878321485 124.70248223156662 -3 126 126 126
-0.577 0.84 -0.383 -32.01 50.5 1.0886771789653718 124.48535796967026 -3 126 126 127
-0.592 0.866 -0.394 -31.89 50.61 1.1205605739985678 124.35661976473993 -3 126 126 127
-0.604 0.905 -0.399 -31.41 51.34 1.1588968892873948 123.71927770928296 -3 125 126 127
-0.631 0.893 -0.39 -32.92 50.28 1.1609091265038791 125.24529276714415 -3 125 125 126
-0.657 0.829 -0.382 -35.75 47.49 1.1246394977947378 128.39756748011533 -3 124 124 125
-0.719 0.721 -0.373 -41.53 41.67 1.0844035226796342 134.92042257962265 -3 124 123 124
-0.782 0.574 -0.368 -48.91 33.59 1.037508554181603 143.72075956880266 -3 124 122 124
-0.847 0.44 -0.355 -56.28 25.6 1.0183486632779561 152.54900222906778 -3 124 121 125
-0.905 0.357 -0.325 -61.92 20.37 1.0257187723737924 158.47199834254607 -3 125 120 126
-0.946 0.331 -0.308 -64.45 18.4 1.0484946351794082 160.715349625737 -3 125 121 128
-0.921 0.352 -0.285 -63.81 20.06 1.0263381509034923 159.08348039204492 -3 126 123 130
-0.799 0.458 -0.24 -57.09 28.77 0.9517168696624013 150.17795271669993 -3 126 125 135
-0.675 0.503 -0.243 -50.39 35.04 0.8761752107883446 143.30706666044787 -3 126 127 137
-0.469 0.55 -0.241 -37.99 46.21 0.7619330679265732 130.455132259225 -3 126 127 138
-0.275 0.615 -0.23 -22.73 59.76 0.711863751008576 114.09201952899035 -3 126 127 140
-0.066 0.765 -0.091 -4.9 81.64 0.7732153645653972 94.93095530197299 -1 125 123 142
-0.104 0.827 -0.029 -7.16 82.56 0.8340179854175808 97.16764712936309 -3 125 120 142
0.065 0.91 -0.089 4.07 83.09 0.9166493331694515 85.91438322002513 1 124 117 141
0.2 0.928 -0.144 12.02 75.13 0.9601666522015853 77.83779648031816 -3 124 114 140
0.575 0.896 -0.449 29.84 50.85 1.155440175863727 57.31004381910882 -3 123 113 138
0.575 0.896 -0.449 29.84 50.85 1.155440175863727 57.31004381910882 -3 123 113 138
0.791 0.869 -0.512 38.11 42.68 1.2817901544324641 47.690232598385954 -3 124 116 137
0.725 0.873 -0.478 36.07 45.15 1.2313561629358094 50.29139786543891 -3 125 118 137
0.686 0.872 -0.407 35.48 47.55 1.1817905905870125 51.80796784061598 -3 125 119 137
0.699 0.912 -0.355 35.54 49.32 1.2026512378906862 52.53173476685863 -3 124 121 136
0.779 0.894 -0.379 38.74 45.9 1.2448767007218025 48.93225715516745 -3 124 121 135
0.968 0.882 -0.415 44.8 39.94 1.3737441537637203 42.338436623348606 -3 123 122 131
1.017 0.86 -0.437 46.51 37.84 1.4017339262499142 40.218675206947765 -3 124 123 130
1.07 0.838 -0.451 48.35 35.82 1.4319724159354466 38.06725064589678 -3 125 123 128
1.075 0.78 -0.433 50.31 33.94 1.3969659981545721 35.96394049708372 -3 126 125 127
1.054 0.72 -0.43 51.49 32.31 1.3469283574117816 34.33744991292166 -3 126 125 126
1.021 0.635 -0.409 53.51 30 1.2700185038022083 31.879103373076198 -3 129 126 124
1.031 0.575 -0.457 54.53 27.02 1.2658732164004418 29.148887014656225 -3 129 127 122
0.998 0.559 -0.505 52.95 26.55 1.250403934734692 29.254070641467013 -3 130 128 120
0.925 0.529 -0.455 52.97 27.17 1.1586591388324696 29.764889134394497 -3 131 128 119
0.867 0.494 -0.469 51.84 26.62 1.102581516260816 29.673662216762658 -3 132 131 117
0.941 0.52 -0.539 51.48 25.62 1.2026645417571766 28.925198366649465 2 132 134 115
0.669 0.602 -0.509 40.32 35.61 1.0339468071424178 41.98248043607246 -3 134 137 114
0.464 0.559 -0.501 31.72 39.3 0.8824839941891298 50.30550624031452 1 133 142 111
