-0.617 0.732 -0.328 -37.57 46.33 1.011976778389702 130.12741105881491 -3 126 126 127
-0.611 0.741 -0.326 -37.04 46.94 1.0142376447361832 129.50767544287257 -3 126 126 127
-0.603 0.748 -0.327 -36.45 47.48 1.0149098482131307 128.87401449418772 -3 126 126 127
-0.596 0.757 -0.324 -35.9 48.14 1.0164846285114202 128.21400797554966 -3 126 126 127
-0.588 0.762 -0.323 -35.39 48.64 1.0152423356026874 127.65570071049733 -3 126 126 127
-0.587 0.766 -0.316 -35.31 48.97 1.015470826759686 127.4636150420566 -3 126 127 127
-0.584 0.763 -0.32 -35.22 48.89 1.0127314550264548 127.4304338080214 -3 126 127 127
-0.584 0.761 -0.323 -35.24 48.75 1.0121788379530565 127.50304041240005 -3 126 127 127
-0.578 0.745 -0.337 -35.26 48.07 1.0013381047378553 127.80570221024175 -3 126 127 127
-0.572 0.742 -0.343 -34.98 48.05 0.9976958454358722 127.62825180631647 -3 126 126 127
-0.567 0.741 -0.343 -34.78 48.19 0.9940920480518893 127.4225729107922 -3 126 126 127
-0.57 0.744 -0.334 -34.95 48.4 0.9949834169472374 127.45677370960111 -3 127 126 127
-0.569 0.751 -0.329 -34.76 48.81 0.9979994989978702 127.1496243405291 -3 127 126 127
-0.572 0.76 -0.322 -34.72 49.18 1.0042250743732701 126.9662739712862 -3 127 126 127
-0.577 0.763 -0.316 -34.94 49.23 1.0074492543051485 127.09749833258248 -3 127 126 127
-0.579 0.766 -0.31 -35.02 49.39 1.009007928611069 127.08471105949921 -3 127 126 127
-0.577 0.765 -0.305 -35.02 49.53 1.005573965454556 127.02536483550503 -3 127 126 127
-0.571 0.764 -0.299 -34.84 49.85 0.9995689070794469 126.77378403583005 -3 127 126 127
-0.563 0.765 -0.296 -34.46 50.26 0.994891953932687 126.35112502143112 -3 127 126 127
-0.552 0.77 -0.296 -33.79 50.87 0.9925824902747379 125.63609989310282 -3 126 126 127
-0.547 0.774 -0.298 -33.41 51.17 0.9935235276529691 125.24954984423414 -3 126 126 127
-0.542 0.781 -0.299 -32.95 51.6 0.9965570731272746 124.75995479771076 -3 126 126 127
-0.542 0.789 -0.313 -32.56 51.58 1.007101782343771 124.48694381852884 -3 126 126 127
-0.544 0.793 -0.315 -32.52 51.6 1.0119337923006622 124.45022074714706 -3 126 126 127
-0.542 0.795 -0.318 -32.33 51.68 1.0133671595231415 124.28464060798632 -3 126 126 127
-0.543 0.795 -0.315 -32.42 51.7 1.0129654485716677 124.33381324015518 -3 126 126 127
-0.543 0.795 -0.308 -32.49 51.86 1.0108105658331834 124.33381324015518 -3 126 126 127
-0.544 0.784 -0.3 -32.95 51.61 1.0002959562049623 124.75591255354139 -3 126 125 127
-0.546 0.782 -0.295 -33.16 51.56 0.9983311073987428 124.923119620778 -3 126 125 127
-0.545 0.781 -0.299 -33.09 51.48 0.9981918653244977 124.90823288179314 -3 126 125 127
-0.547 0.781 -0.301 -33.17 51.36 0.9998854934441244 125.00678842046199 -3 126 126 127
-0.547 0.788 -0.297 -33.01 51.7 1.0041722959731563 124.7669290465824 -3 127 126 127
-0.549 0.787 -0.295 -33.15 51.62 1.0038899342059369 124.89907911976412 -3 127 126 127
-0.558 0.791 -0.276 -33.67 51.8 1.0065887938974882 125.20052626179789 -3 127 126 127
-0.562 0.793 -0.269 -33.87 51.84 1.0084909518681862 125.32524374987511 -3 127 126 127
-0.564 0.791 -0.266 -34.05 51.75 1.0072402891068248 125.48968564613338 -3 127 126 127
-0.564 0.791 -0.269 -34.02 51.69 1.0080367056808992 125.48968564613338 -3 127 126 127
-0.559 0.791 -0.278 -33.69 51.72 1.0076934057539526 125.24886329873439 -3 127 126 127
-0.556 0.789 -0.28 -33.59 51.73 1.005015920271913 125.17195033546723 -3 127 126 127
-0.546 0.791 -0.285 -33 52.09 1.00250785533082 124.61597931237986 -3 127 126 127
-0.545 0.793 -0.286 -32.88 52.18 1.0038276744541368 124.49932278764369 -3 126 126 127
-0.541 0.794 -0.289 -32.63 52.31 1.0033135103246642 124.26896014880089 -3 126 126 127
-0.539 0.794 -0.295 -32.47 52.27 1.0039830675863015 124.1702810228402 -3 126 126 127
-0.54 0.793 -0.297 -32.53 52.15 1.0043196702245756 124.2532342701736 -3 126 126 127
-0.541 0.787 -0.299 -32.73 51.85 1.0007252370156354 124.50543310040865 -3 126 126 127
-0.543 0.786 -0.295 -32.89 51.83 0.9998349863852535 124.63825605290319 -3 126 126 127
-0.553 0.785 -0.289 -33.47 51.52 1.0027736534233436 125.163110235465 -3 126 126 127
-0.553 0.784 -0.287 -33.52 51.53 1.0014159974755747 125.19750328475476 -3 126 126 127
-0.554 0.788 -0.287 -33.45 51.63 1.0051014874130872 125.10897008787705 -3 126 126 127
-0.55 0.791 -0.29 -33.14 51.83 1.0061217620149163 124.81175345987175 -3 126 126 127
-0.545 0.795 -0.292 -32.76 52.13 1.0071315703521562 124.43198579099068 -3 126 126 127
-0.541 0.794 -0.292 -32.6 52.25 1.0041817564564695 124.26896014880089 -3 126 126 127
-0.538 0.793 -0.295 -32.45 52.27 1.0026554742283114 124.15439363473226 -3 126 127 127
-0.536 0.799 -0.302 -32.11 52.4 1.0084150931040252 123.85523218671223 -3 127 127 127
-0.539 0.803 -0.304 -32.12 52.38 1.0137780822250992 123.87081071038882 -3 127 127 127
-0.542 0.806 -0.307 -32.15 52.3 1.01865057797068 123.91911853683769 -3 127 127 127
-0.545 0.81 -0.308 -32.17 52.3 1.0237133387819073 123.93422419942286 -3 127 127 127
-0.544 0.806 -0.311 -32.2 52.14 1.0209275194645309 124.01690813083063 -3 127 127 127
-0.539 0.796 -0.315 -32.2 51.89 1.0116135625820761 124.10333055191064 -3 127 127 127
-0.532 0.784 -0.318 -32.16 51.67 0.9994018210909965 124.15969454566944 -3 127 127 127
-0.525 0.777 -0.321 -31.98 51.62 0.9911584131711743 124.04593735660167 -3 127 127 126
-0.518 0.763 -0.325 -31.99 51.29 0.9778128655320506 124.17254689617461 -3 126 126 127
-0.525 0.766 -0.325 -32.25 51.13 0.9838729592787882 124.42590476156553 -3 126 126 127
-0.534 0.773 -0.326 -32.48 51.01 0.9944651828998339 124.63729850594973 -3 126 126 127
-0.542 0.781 -0.329 -32.6 50.93 1.005965208145888 124.75995479771076 -3 126 126 127
-0.546 0.789 -0.33 -32.56 51.04 1.014661027141577 124.68382353741032 -3 126 126 127
-0.545 0.796 -0.332 -32.29 51.28 1.0202279157129548 124.39840363884827 -3 126 126 127
-0.54 0.801 -0.332 -31.91 51.64 1.0214817668465748 123.98616710964859 -3 126 126 127
-0.523 0.801 -0.33 -31.12 52.33 1.0119436743218468 123.14187876702775 -3 126 126 127
-0.516 0.799 -0.33 -30.83 52.53 1.0067556803912259 122.85466771146365 -3 126 126 127
-0.513 0.798 -0.33 -30.71 52.61 1.0044267021540199 122.7352262721076 -3 126 126 127
-0.513 0.796 -0.333 -30.73 52.46 1.003829666826001 122.800661433763 -3 126 126 127
-0.515 0.794 -0.334 -30.87 52.29 1.003602012752067 122.96803115489962 -3 126 126 127
-0.518 0.792 -0.334 -31.07 52.11 1.0035656430946607 123.18630753382769 -3 126 126 127
-0.523 0.793 -0.336 -31.27 51.91 1.007608058721247 123.40568205065102 -3 126 126 127
-0.533 0.789 -0.338 -31.84 51.34 1.0103731983777084 124.04054709559747 -3 126 126 127
-0.536 0.785 -0.336 -32.12 51.14 1.0081750840007901 124.32536090076675 -3 126 126 127
-0.536 0.785 -0.336 -32.12 51.14 1.0081750840007901 124.32536090076675 -3 126 126 127
-0.541 0.779 -0.331 -32.59 50.85 1.0045312339594026 124.7792096958763 -3 126 126 127
-0.539 0.778 -0.328 -32.55 50.96 1.001693066762469 124.71429679130115 -3 126 126 127
-0.537 0.779 -0.324 -32.48 51.16 1.0000929956759022 124.58025573168219 -3 126 126 127
-0.536 0.782 -0.325 -32.33 51.29 1.0022200357206994 124.42759679923302 -3 126 126 127
-0.536 0.784 -0.327 -32.25 51.31 1.0044306845173538 124.35938029758942 -3 126 126 127
-0.535 0.792 -0.328 -31.97 51.61 1.010481568362333 124.03922494777638 -3 126 126 127
-0.533 0.793 -0.329 -31.83 51.7 1.0105340172403898 123.90627698844216 -3 126 126 127
-0.532 0.795 -0.329 -31.73 51.8 1.0115779752446177 123.78974115030202 -3 126 126 127
-0.527 0.798 -0.324 -31.46 52.22 1.0097073833542072 123.44081251699099 -3 126 126 127
-0.516 0.795 -0.321 -31.04 52.61 1.0006607816837834 122.9858528456681 -3 126 126 127
-0.511 0.795 -0.321 -30.8 52.8 0.9980916791557778 122.7315835879296 -3 126 126 127
-0.506 0.793 -0.323 -30.58 52.87 0.9945923788165683 122.5412645504659 -3 126 126 127
-0.507 0.794 -0.33 -30.53 52.7 0.998190863512585 122.55982039004924 -3 126 126 127
-0.509 0.794 -0.337 -30.55 52.45 1.00154181140879 122.66222410798913 -3 126 126 127
-0.515 0.795 -0.342 -30.76 52.13 1.007081923182022 122.93511558947458 -3 126 126 127
-0.52 0.794 -0.344 -31 51.86 1.0095404895297662 123.22126389502402 -3 126 126 127
-0.531 0.794 -0.346 -31.51 51.4 1.0159296235468283 123.77324949354448 -3 126 126 127
-0.54 0.796 -0.341 -31.95 51.26 1.0205376034228235 124.15265315704653 -3 126 126 127
-0.548 0.797 -0.335 -32.37 51.14 1.0235907385278553 124.5115738811433 -3 126 126 127
-0.554 0.797 -0.333 -32.68 50.96 1.026164704128923 124.80342066019978 -3 126 126 127
-0.557 0.794 -0.326 -32.98 50.89 1.0232111219098432 125.0500951304531 -3 126 126 127
-0.554 0.793 -0.322 -32.91 51.06 1.0195337169510383 124.93864508064479 -3 126 126 127
-0.545 0.791 -0.323 -32.53 51.31 1.0134273530944389 124.56689087325996 -3 126 126 127
-0.53 0.788 -0.324 -31.88 51.75 1.003404205691804 123.92433634698459 -3 126 126 127
-0.51 0.789 -0.331 -30.8 52.38 0.9960833298474582 122.87813563301559 -3 126 126 127
-0.508 0.792 -0.332 -30.61 52.54 0.9977735213965142 122.67668654329414 -3 126 126 127
-0.507 0.793 -0.333 -30.52 52.59 0.9983922075016413 122.59258147259926 -3 126 126 127
-0.512 0.795 -0.334 -30.7 52.44 1.0028584147326083 122.78255407514881 -3 126 126 127
-0.518 0.797 -0.327 -31.02 52.45 1.0052173894238003 123.02134061835834 -3 126 126 127
-0.517 0.794 -0.325 -31.07 52.44 1.0016735995323027 123.06949933373487 -3 126 126 127
-0.516 0.794 -0.322 -31.06 52.55 1.0001879823313216 123.0187944391539 -3 126 126 127
-0.514 0.797 -0.321 -30.89 52.75 1.0012222530487425 122.81871600830141 -3 126 126 127
-0.511 0.802 -0.322 -30.59 53.02 1.003996513938171 122.50353928770151 -3 126 126 127
-0.514 0.807 -0.324 -30.59 53.02 1.0101588983917333 122.49415652990464 -3 126 126 127
-0.518 0.815 -0.327 -30.54 53.07 1.0195479390396511 122.43933855283959 -3 126 126 127
-0.516 0.822 -0.329 -30.23 53.33 1.0247833917467633 122.1180222101148 -3 126 126 127
-0.516 0.818 -0.334 -30.28 53.08 1.023198905394254 122.24400958170331 -3 126 126 127
-0.512 0.814 -0.335 -30.18 53.07 1.0183147843373384 122.16959023946805 -3 126 126 127
-0.509 0.808 -0.336 -30.18 52.95 1.012344309017441 122.20889716453816 -3 126 126 127
-0.508 0.799 -0.335 -30.38 52.71 1.0043356012807672 122.44798622508092 -3 126 126 126
-0.507 0.79 -0.336 -30.57 52.41 0.9970180539990237 122.69121748897089 -3 126 126 126
-0.513 0.785 -0.335 -31.01 52.03 0.9958006828678116 123.1647438364937 -3 126 126 126
-0.516 0.782 -0.336 -31.23 51.78 0.9953270819183009 123.41868634872823 -3 126 126 126
-0.52 0.783 -0.337 -31.38 51.64 0.9985279164850626 123.58862924982182 -3 126 126 126
-0.522 0.784 -0.34 -31.42 51.53 1.001369062833479 123.65632443240558 -3 126 126 127
-0.523 0.785 -0.341 -31.43 51.5 1.0030129610329073 123.67322078153347 -3 126 126 127
-0.523 0.786 -0.343 -31.38 51.49 1.0044769783325052 123.63957184618057 -3 126 126 127
-0.525 0.794 -0.341 -31.28 51.75 1.0111092918176552 123.47303909609973 -3 126 126 127
-0.526 0.796 -0.34 -31.29 51.8 1.0128632681660443 123.4568883153387 -3 126 126 127
-0.527 0.797 -0.337 -31.34 51.87 1.0131668174590007 123.47385806351743 -3 126 126 126
-0.528 0.797 -0.336 -31.4 51.86 1.0133553177439787 123.52384873057568 -3 126 126 126
-0.525 0.8 -0.332 -31.22 52.17 1.0128420409915853 123.27488798483492 -3 126 126 126
-0.524 0.801 -0.328 -31.19 52.34 1.0118107530561238 123.19200027340979 -3 126 126 126
-0.524 0.801 -0.328 -31.19 52.34 1.0118107530561238 123.19200027340979 -3 126 126 126
-0.518 0.808 -0.328 -30.71 52.81 1.0142839839019446 122.66349001371981 -3 126 126 127
-0.513 0.808 -0.332 -30.42 52.9 1.0130434344094037 122.41150442609778 -3 126 126 127
-0.516 0.819 -0.336 -30.24 53.06 1.0246526240633944 122.21243013031052 -3 126 126 127
-0.517 0.818 -0.339 -30.28 52.92 1.0253457953295562 122.29408772682537 -3 126 126 126
-0.521 0.814 -0.341 -30.56 52.59 1.0248502329608946 122.62124041412982 -3 126 127 126
-0.525 0.81 -0.343 -30.83 52.25 1.024389574331953 122.94921511659044 -3 126 126 126
-0.526 0.789 -0.344 -31.43 51.46 1.008728407451679 123.6900675259798 -3 126 126 126
-0.528 0.781 -0.344 -31.75 51.1 1.0035342545224852 124.06090881680787 -3 126 126 126
-0.537 0.784 -0.354 -31.97 50.63 1.0140714964932207 124.4091536794389 -3 126 126 126
-0.549 0.79 -0.357 -32.35 50.34 1.0261335195772527 124.79685522225635 -3 126 126 126
-0.568 0.801 -0.356 -32.94 50.07 1.044490785023975 125.34097232520847 -3 126 126 126
-0.592 0.813 -0.355 -33.72 49.67 1.0665167602996213 126.06088213456232 -3 126 126 127
-0.622 0.821 -0.35 -34.87 49 1.0878533908574262 127.1480303131404 -3 125 125 127
-0.646 0.821 -0.34 -36.02 48.36 1.0986159474538861 128.19727201814248 -3 125 125 128
-0.698 0.811 -0.338 -38.46 46.28 1.1221269981601905 130.71745420103835 -3 125 124 129
-0.72 0.804 -0.336 -39.57 45.34 1.1303592349337446 131.84515713520804 -3 125 124 129
-0.763 0.787 -0.325 -41.86 43.5 1.1433122932952309 134.1129104318096 -3 125 124 130
-0.801 0.761 -0.303 -44.36 41.62 1.145657453168267 136.46692086991942 -3 125 123 130
-0.807 0.728 -0.27 -46.11 40.55 1.1198807972279907 137.94617364747057 -3 125 123 131
-0.805 0.691 -0.235 -47.8 39.49 1.0866144670489162 139.35770030560212 -3 125 123 131
-0.765 0.653 -0.213 -48.08 39.43 1.0281065119918267 139.5161019135338 -3 125 124 131
-0.567 0.619 -0.143 -41.75 46.63 0.8515274511135855 132.48948265174542 -3 124 124 132
-0.482 0.623 -0.122 -37.21 51.41 0.7970802970843026 127.7282516560126 -3 123 123 133
-0.395 0.655 -0.083 -30.89 58.36 0.7693757209582326 121.09222219014529 -3 123 124 134
-0.3 0.685 -0.053 -23.59 66.02 0.7496892689641489 113.65131332664218 -3 123 123 135
-0.617 0.732 -0.328 -37.57 46.33 1.011976778389702 130.12741105881491 -3 126 126 127
-0.611 0.741 -0.326 -37.04 46.94 1.0142376447361832 129.50767544287257 -3 126 126 127
-0.603 0.748 -0.327 -36.45 47.48 1.0149098482131307 128.87401449418772 -3 126 126 127
-0.596 0.757 -0.324 -35.9 48.14 1.0164846285114202 128.21400797554966 -3 126 126 127
-0.588 0.762 -0.323 -35.39 48.64 1.0152423356026874 127.65570071049733 -3 126 126 127
-0.587 0.766 -0.316 -35.31 48.97 1.015470826759686 127.4636150420566 -3 126 127 127
-0.584 0.763 -0.32 -35.22 48.89 1.0127314550264548 127.4304338080214 -3 126 127 127
-0.584 0.761 -0.323 -35.24 48.75 1.0121788379530565 127.50304041240005 -3 126 127 127
-0.578 0.745 -0.337 -35.26 48.07 1.0013381047378553 127.80570221024175 -3 126 127 127
-0.572 0.742 -0.343 -34.98 48.05 0.9976958454358722 127.62825180631647 -3 126 126 127
-0.567 0.741 -0.343 -34.78 48.19 0.9940920480518893 127.4225729107922 -3 126 126 127
-0.57 0.744 -0.334 -34.95 48.4 0.9949834169472374 127.45677370960111 -3 127 126 127
-0.569 0.751 -0.329 -34.76 48.81 0.9979994989978702 127.1496243405291 -3 127 126 127
-0.572 0.76 -0.322 -34.72 49.18 1.0042250743732701 126.9662739712862 -3 127 126 127
-0.577 0.763 -0.316 -34.94 49.23 1.0074492543051485 127.09749833258248 -3 127 126 127
-0.579 0.766 -0.31 -35.02 49.39 1.009007928611069 127.08471105949921 -3 127 126 127
-0.577 0.765 -0.305 -35.02 49.53 1.005573965454556 127.02536483550503 -3 127 126 127
-0.571 0.764 -0.299 -34.84 49.85 0.9995689070794469 126.77378403583005 -3 127 126 127
-0.563 0.765 -0.296 -34.46 50.26 0.994891953932687 126.35112502143112 -3 127 126 127
-0.552 0.77 -0.296 -33.79 50.87 0.9925824902747379 125.63609989310282 -3 126 126 127
-0.547 0.774 -0.298 -33.41 51.17 0.9935235276529691 125.24954984423414 -3 126 126 127
-0.542 0.781 -0.299 -32.95 51.6 0.9965570731272746 124.75995479771076 -3 126 126 127
-0.542 0.789 -0.313 -32.56 51.58 1.007101782343771 124.48694381852884 -3 126 126 127
-0.544 0.793 -0.315 -32.52 51.6 1.0119337923006622 124.45022074714706 -3 126 126 127
-0.542 0.795 -0.318 -32.33 51.68 1.0133671595231415 124.28464060798632 -3 126 126 127
-0.543 0.795 -0.315 -32.42 51.7 1.0129654485716677 124.33381324015518 -3 126 126 127
-0.543 0.795 -0.308 -32.49 51.86 1.0108105658331834 124.33381324015518 -3 126 126 127
-0.544 0.784 -0.3 -32.95 51.61 1.0002959562049623 124.75591255354139 -3 126 125 127
-0.546 0.782 -0.295 -33.16 51.56 0.9983311073987428 124.923119620778 -3 126 125 127
-0.545 0.781 -0.299 -33.09 51.48 0.9981918653244977 124.90823288179314 -3 126 125 127
-0.547 0.781 -0.301 -33.17 51.36 0.9998854934441244 125.00678842046199 -3 126 126 127
-0.547 0.788 -0.297 -33.01 51.7 1.0041722959731563 124.7669290465824 -3 127 126 127
-0.549 0.787 -0.295 -33.15 51.62 1.0038899342059369 124.89907911976412 -3 127 126 127
-0.558 0.791 -0.276 -33.67 51.8 1.0065887938974882 125.20052626179789 -3 127 126 127
-0.562 0.793 -0.269 -33.87 51.84 1.0084909518681862 125.32524374987511 -3 127 126 127
-0.564 0.791 -0.266 -34.05 51.75 1.0072402891068248 125.48968564613338 -3 127 126 127
-0.564 0.791 -0.269 -34.02 51.69 1.0080367056808992 125.48968564613338 -3 127 126 127
-0.559 0.791 -0.278 -33.69 51.72 1.0076934057539526 125.24886329873439 -3 127 126 127
-0.556 0.789 -0.28 -33.59 51.73 1.005015920271913 125.17195033546723 -3 127 126 127
-0.546 0.791 -0.285 -33 52.09 1.00250785533082 124.61597931237986 -3 127 126 127
-0.545 0.793 -0.286 -32.88 52.18 1.0038276744541368 124.49932278764369 -3 126 126 127
-0.541 0.794 -0.289 -32.63 52.31 1.0033135103246642 124.26896014880089 -3 126 126 127
-0.539 0.794 -0.295 -32.47 52.27 1.0039830675863015 124.1702810228402 -3 126 126 127
-0.54 0.793 -0.297 -32.53 52.15 1.0043196702245756 124.2532342701736 -3 126 126 127
-0.541 0.787 -0.299 -32.73 51.85 1.0007252370156354 124.50543310040865 -3 126 126 127
-0.543 0.786 -0.295 -32.89 51.83 0.9998349863852535 124.63825605290319 -3 126 126 127
-0.553 0.785 -0.289 -33.47 51.52 1.0027736534233436 125.163110235465 -3 126 126 127
-0.553 0.784 -0.287 -33.52 51.53 1.0014159974755747 125.19750328475476 -3 126 126 127
-0.554 0.788 -0.287 -33.45 51.63 1.0051014874130872 125.10897008787705 -3 126 126 127
-0.55 0.791 -0.29 -33.14 51.83 1.0061217620149163 124.81175345987175 -3 126 126 127
-0.545 0.795 -0.292 -32.76 52.13 1.0071315703521562 124.43198579099068 -3 126 126 127
-0.541 0.794 -0.292 -32.6 52.25 1.0041817564564695 124.26896014880089 -3 126 126 127
-0.538 0.793 -0.295 -32.45 52.27 1.0026554742283114 124.15439363473226 -3 126 127 127
-0.536 0.799 -0.302 -32.11 52.4 1.0084150931040252 123.85523218671223 -3 127 127 127
-0.539 0.803 -0.304 -32.12 52.38 1.0137780822250992 123.87081071038882 -3 127 127 127
-0.542 0.806 -0.307 -32.15 52.3 1.01865057797068 123.91911853683769 -3 127 127 127
-0.545 0.81 -0.308 -32.17 52.3 1.0237133387819073 123.93422419942286 -3 127 127 127
-0.544 0.806 -0.311 -32.2 52.14 1.0209275194645309 124.01690813083063 -3 127 127 127
-0.539 0.796 -0.315 -32.2 51.89 1.0116135625820761 124.10333055191064 -3 127 127 127
-0.532 0.784 -0.318 -32.16 51.67 0.9994018210909965 124.15969454566944 -3 127 127 127
-0.525 0.777 -0.321 -31.98 51.62 0.9911584131711743 124.04593735660167 -3 127 127 126
-0.518 0.763 -0.325 -31.99 51.29 0.9778128655320506 124.17254689617461 -3 126 126 127
-0.525 0.766 -0.325 -32.25 51.13 0.9838729592787882 124.42590476156553 -3 126 126 127
-0.534 0.773 -0.326 -32.48 51.01 0.9944651828998339 124.63729850594973 -3 126 126 127
-0.542 0.781 -0.329 -32.6 50.93 1.005965208145888 124.75995479771076 -3 126 126 127
-0.546 0.789 -0.33 -32.56 51.04 1.014661027141577 124.68382353741032 -3 126 126 127
-0.545 0.796 -0.332 -32.29 51.28 1.0202279157129548 124.39840363884827 -3 126 126 127
-0.54 0.801 -0.332 -31.91 51.64 1.0214817668465748 123.98616710964859 -3 126 126 127
-0.523 0.801 -0.33 -31.12 52.33 1.0119436743218468 123.14187876702775 -3 126 126 127
-0.516 0.799 -0.33 -30.83 52.53 1.0067556803912259 122.85466771146365 -3 126 126 127
-0.513 0.798 -0.33 -30.71 52.61 1.0044267021540199 122.7352262721076 -3 126 126 127
-0.513 0.796 -0.333 -30.73 52.46 1.003829666826001 122.800661433763 -3 126 126 127
-0.515 0.794 -0.334 -30.87 52.29 1.003602012752067 122.96803115489962 -3 126 126 127
-0.518 0.792 -0.334 -31.07 52.11 1.0035656430946607 123.18630753382769 -3 126 126 127
-0.523 0.793 -0.336 -31.27 51.91 1.007608058721247 123.40568205065102 -3 126 126 127
-0.533 0.789 -0.338 -31.84 51.34 1.0103731983777084 124.04054709559747 -3 126 126 127
-0.536 0.785 -0.336 -32.12 51.14 1.0081750840007901 124.32536090076675 -3 126 126 127
-0.536 0.785 -0.336 -32.12 51.14 1.0081750840007901 124.32536090076675 -3 126 126 127
-0.541 0.779 -0.331 -32.59 50.85 1.0045312339594026 124.7792096958763 -3 126 126 127
-0.539 0.778 -0.328 -32.55 50.96 1.001693066762469 124.71429679130115 -3 126 126 127
-0.537 0.779 -0.324 -32.48 51.16 1.0000929956759022 124.58025573168219 -3 126 126 127
-0.536 0.782 -0.325 -32.33 51.29 1.0022200357206994 124.42759679923302 -3 126 126 127
-0.536 0.784 -0.327 -32.25 51.31 1.0044306845173538 124.35938029758942 -3 126 126 127
-0.535 0.792 -0.328 -31.97 51.61 1.010481568362333 124.03922494777638 -3 126 126 127
-0.533 0.793 -0.329 -31.83 51.7 1.0105340172403898 123.90627698844216 -3 126 126 127
-0.532 0.795 -0.329 -31.73 51.8 1.0115779752446177 123.78974115030202 -3 126 126 127
-0.527 0.798 -0.324 -31.46 52.22 1.0097073833542072 123.44081251699099 -3 126 126 127
-0.516 0.795 -0.321 -31.04 52.61 1.0006607816837834 122.9858528456681 -3 126 126 127
-0.511 0.795 -0.321 -30.8 52.8 0.9980916791557778 122.7315835879296 -3 126 126 127
-0.506 0.793 -0.323 -30.58 52.87 0.9945923788165683 122.5412645504659 -3 126 126 127
-0.507 0.794 -0.33 -30.53 52.7 0.998190863512585 122.55982039004924 -3 126 126 127
-0.509 0.794 -0.337 -30.55 52.45 1.00154181140879 122.66222410798913 -3 126 126 127
-0.515 0.795 -0.342 -30.76 52.13 1.007081923182022 122.93511558947458 -3 126 126 127
-0.52 0.794 -0.344 -31 51.86 1.0095404895297662 123.22126389502402 -3 126 126 127
-0.531 0.794 -0.346 -31.51 51.4 1.0159296235468283 123.77324949354448 -3 126 126 127
-0.54 0.796 -0.341 -31.95 51.26 1.0205376034228235 124.15265315704653 -3 126 126 127
-0.548 0.797 -0.335 -32.37 51.14 1.0235907385278553 124.5115738811433 -3 126 126 127
-0.554 0.797 -0.333 -32.68 50.96 1.026164704128923 124.80342066019978 -3 126 126 127
-0.557 0.794 -0.326 -32.98 50.89 1.0232111219098432 125.0500951304531 -3 126 126 127
-0.554 0.793 -0.322 -32.91 51.06 1.0195337169510383 124.93864508064479 -3 126 126 127
-0.545 0.791 -0.323 -32.53 51.31 1.0134273530944389 124.56689087325996 -3 126 126 127
-0.53 0.788 -0.324 -31.88 51.75 1.003404205691804 123.92433634698459 -3 126 126 127
-0.51 0.789 -0.331 -30.8 52.38 0.9960833298474582 122.87813563301559 -3 126 126 127
-0.508 0.792 -0.332 -30.61 52.54 0.9977735213965142 122.67668654329414 -3 126 126 127
-0.507 0.793 -0.333 -30.52 52.59 0.9983922075016413 122.59258147259926 -3 126 126 127
-0.512 0.795 -0.334 -30.7 52.44 1.0028584147326083 122.78255407514881 -3 126 126 127
-0.518 0.797 -0.327 -31.02 52.45 1.0052173894238003 123.02134061835834 -3 126 126 127
-0.517 0.794 -0.325 -31.07 52.44 1.0016735995323027 123.06949933373487 -3 126 126 127
-0.516 0.794 -0.322 -31.06 52.55 1.0001879823313216 123.0187944391539 -3 126 126 127
-0.514 0.797 -0.321 -30.89 52.75 1.0012222530487425 122.81871600830141 -3 126 126 127
-0.511 0.802 -0.322 -30.59 53.02 1.003996513938171 122.50353928770151 -3 126 126 127
-0.514 0.807 -0.324 -30.59 53.02 1.0101588983917333 122.49415652990464 -3 126 126 127
-0.518 0.815 -0.327 -30.54 53.07 1.0195479390396511 122.43933855283959 -3 126 126 127
-0.516 0.822 -0.329 -30.23 53.33 1.0247833917467633 122.1180222101148 -3 126 126 127
-0.516 0.818 -0.334 -30.28 53.08 1.023198905394254 122.24400958170331 -3 126 126 127
-0.512 0.814 -0.335 -30.18 53.07 1.0183147843373384 122.16959023946805 -3 126 126 127
-0.509 0.808 -0.336 -30.18 52.95 1.012344309017441 122.20889716453816 -3 126 126 127
-0.508 0.799 -0.335 -30.38 52.71 1.0043356012807672 122.44798622508092 -3 126 126 126
-0.507 0.79 -0.336 -30.57 52.41 0.9970180539990237 122.69121748897089 -3 126 126 126
-0.513 0.785 -0.335 -31.01 52.03 0.9958006828678116 123.1647438364937 -3 126 126 126
-0.516 0.782 -0.336 -31.23 51.78 0.9953270819183009 123.41868634872823 -3 126 126 126
-0.52 0.783 -0.337 -31.38 51.64 0.9985279164850626 123.58862924982182 -3 126 126 126
-0.522 0.784 -0.34 -31.42 51.53 1.001369062833479 123.65632443240558 -3 126 126 127
-0.523 0.785 -0.341 -31.43 51.5 1.0030129610329073 123.67322078153347 -3 126 126 127
-0.523 0.786 -0.343 -31.38 51.49 1.0044769783325052 123.63957184618057 -3 126 126 127
-0.525 0.794 -0.341 -31.28 51.75 1.0111092918176552 123.47303909609973 -3 126 126 127
-0.526 0.796 -0.34 -31.29 51.8 1.0128632681660443 123.4568883153387 -3 126 126 127
-0.527 0.797 -0.337 -31.34 51.87 1.0131668174590007 123.47385806351743 -3 126 126 126
-0.528 0.797 -0.336 -31.4 51.86 1.0133553177439787 123.52384873057568 -3 126 126 126
-0.525 0.8 -0.332 -31.22 52.17 1.0128420409915853 123.27488798483492 -3 126 126 126
-0.524 0.801 -0.328 -31.19 52.34 1.0118107530561238 123.19200027340979 -3 126 126 126
-0.524 0.801 -0.328 -31.19 52.34 1.0118107530561238 123.19200027340979 -3 126 126 126
-0.518 0.808 -0.328 -30.71 52.81 1.0142839839019446 122.66349001371981 -3 126 126 127
-0.513 0.808 -0.332 -30.42 52.9 1.0130434344094037 122.41150442609778 -3 126 126 127
-0.516 0.819 -0.336 -30.24 53.06 1.0246526240633944 122.21243013031052 -3 126 126 127
-0.517 0.818 -0.339 -30.28 52.92 1.0253457953295562 122.29408772682537 -3 126 126 126
-0.521 0.814 -0.341 -30.56 52.59 1.0248502329608946 122.62124041412982 -3 126 127 126
-0.525 0.81 -0.343 -30.83 52.25 1.024389574331953 122.94921511659044 -3 126 126 126
-0.526 0.789 -0.344 -31.43 51.46 1.008728407451679 123.6900675259798 -3 126 126 126
-0.528 0.781 -0.344 -31.75 51.1 1.0035342545224852 124.06090881680787 -3 126 126 126
-0.537 0.784 -0.354 -31.97 50.63 1.0140714964932207 124.4091536794389 -3 126 126 126
-0.549 0.79 -0.357 -32.35 50.34 1.0261335195772527 124.79685522225635 -3 126 126 126
-0.568 0.801 -0.356 -32.94 50.07 1.044490785023975 125.34097232520847 -3 126 126 126
-0.592 0.813 -0.355 -33.72 49.67 1.0665167602996213 126.06088213456232 -3 126 126 127
-0.622 0.821 -0.35 -34.87 49 1.0878533908574262 127.1480303131404 -3 125 125 127
-0.646 0.821 -0.34 -36.02 48.36 1.0986159474538861 128.19727201814248 -3 125 125 128
-0.698 0.811 -0.338 -38.46 46.28 1.1221269981601905 130.71745420103835 -3 125 124 129
-0.72 0.804 -0.336 -39.57 45.34 1.1303592349337446 131.84515713520804 -3 125 124 129
-0.763 0.787 -0.325 -41.86 43.5 1.1433122932952309 134.1129104318096 -3 125 124 130
-0.801 0.761 -0.303 -44.36 41.62 1.145657453168267 136.46692086991942 -3 125 123 130
-0.807 0.728 -0.27 -46.11 40.55 1.1198807972279907 137.94617364747057 -3 125 123 131
-0.805 0.691 -0.235 -47.8 39.49 1.0866144670489162 139.35770030560212 -3 125 123 131
-0.765 0.653 -0.213 -48.08 39.43 1.0281065119918267 139.5161019135338 -3 125 124 131
-0.567 0.619 -0.143 -41.75 46.63 0.8515274511135855 132.48948265174542 -3 124 124 132
-0.482 0.623 -0.122 -37.21 51.41 0.7970802970843026 127.7282516560126 -3 123 123 133
-0.395 0.655 -0.083 -30.89 58.36 0.7693757209582326 121.09222219014529 -3 123 124 134
-0.3 0.685 -0.053 -23.59 66.02 0.7496892689641489 113.65131332664218 -3 123 123 135
-0.233 0.699 -0.028 -18.42 71.44 0.737342525560543 108.43494882292202 -3 123 123 136
-0.154 0.714 -0.018 -12.17 77.75 0.7306408146278169 102.1714582085875 -3 123 124 136
-0.05 0.738 -0.015 -3.88 85.95 0.7398439024551057 93.87590478818112 -3 123 124 136
0.098 0.84 -0.054 6.64 82.41 0.8474196127067156 83.3455749539934 -3 124 126 135
0.173 0.919 -0.073 10.63 78.45 0.9379866736793226 79.33894332694867 -3 125 126 135
0.229 0.979 -0.088 13.11 75.93 1.0092700332418474 76.83453004068299 -3 126 126 135
0.269 1.017 -0.087 14.76 74.46 1.0555657250972106 75.18436006455896 -3 127 126 135
0.326 1.023 -0.083 17.62 71.8 1.0768908951235496 72.3244500283645 -3 127 125 134
0.381 1.013 -0.09 20.54 68.87 1.0860156536625059 69.38818946704025 -3 127 124 134
0.457 1.011 -0.104 24.21 65.13 1.1143545216850874 65.67571398682014 -3 127 123 133
0.518 1.026 -0.125 26.62 62.55 1.1561249932425126 63.21200917172449 -3 127 123 133
0.622 1.106 -0.126 29.2 60.15 1.2751454818960855 60.647165816646556 -3 128 124 131
0.65 1.13 -0.087 29.84 59.87 1.306510237235055 60.09157267859487 -3 128 126 130
0.662 1.146 -0.062 29.98 59.88 1.3249166011489175 59.986630604960574 -3 128 127 129
0.667 1.168 -0.039 29.72 60.23 1.3455980083219505 60.27096961915462 -3 128 129 127
0.692 1.171 -0.034 30.57 59.39 1.3606105247277782 59.41912470759335 -3 128 130 125
0.678 1.171 -0.045 30.05 59.87 1.3538648381577831 59.929488481887795 -3 128 131 124
0.658 1.156 -0.065 29.61 60.23 1.3317375867639991 60.3512883284517 -3 129 132 123
0.582 1.094 -0.088 27.94 61.72 1.242297870882825 61.98734913606555 -3 130 134 122
0.488 1.038 -0.097 25.08 64.39 1.151085140204668 64.82014624849471 -3 131 134 121
0.419 0.974 -0.105 23.16 66.08 1.0654867432305293 66.72335955634597 -3 131 133 120
0.327 0.92 -0.128 19.39 69.11 0.9847400672258645 70.43301756675201 -3 131 132 118
0.233 0.877 -0.154 14.66 72.34 0.9203988265963837 75.12145745253092 -3 130 132 117
