0.629 0.762 -0.642 32.26 40.29 1.1783246581481692 50.461713228053654 1 125 123 130
0.664 0.78 -0.657 33.07 39.86 1.2169408366884564 49.59284533039397 -3 125 123 129
0.685 0.858 -0.66 32.33 42.05 1.2810109289151284 51.39724300110765 -3 124 125 127
0.686 0.888 -0.672 31.63 42.76 1.307946482085563 52.31310561693146 -3 124 125 125
0.679 0.895 -0.659 31.42 43.41 1.3024388661276967 52.81389243216287 -3 123 125 124
0.641 0.898 -0.627 30.34 45.04 1.2690208824128941 54.48043276885322 -3 123 125 123
0.581 0.899 -0.581 28.49 47.57 1.2179174848896785 57.12647938410372 0 122 125 122
0.502 0.875 -0.548 25.93 49.66 1.1480126305925384 60.15649087557776 1 122 125 122
0.431 0.849 -0.506 23.56 51.94 1.0782383780964206 63.085096367935044 1 123 126 122
0.298 0.823 -0.431 17.78 57.52 0.9756505521958156 70.09518927252499 1 122 126 121
0.243 0.817 -0.417 14.84 59.43 0.9489083201237093 73.43596299561972 1 122 126 121
0.192 0.818 -0.399 11.91 61.57 0.9301553633667873 76.79071670677628 1 122 126 121
0.116 0.81 -0.371 7.42 64.36 0.8984414282522818 81.85009267618238 1 121 126 121
0.038 0.8 -0.344 2.5 66.61 0.8716536009218342 87.2804945387275 1 121 126 121
-0.037 0.78 -0.332 -2.5 66.82 0.8485240126242746 92.71584091187997 -1 121 126 121
-0.104 0.772 -0.298 -7.16 67.76 0.8340287764819628 97.67241159977956 -1 122 127 121
-0.221 0.821 -0.214 -14.6 69.46 0.8767428357277862 105.06598539535136 -3 122 128 122
-0.294 0.862 -0.171 -18.5 68.47 0.9266720023827201 108.83282978475661 -3 123 128 122
-0.374 0.91 -0.121 -22.17 66.64 0.9912703970158697 112.34212370447581 -3 124 128 122
-0.47 0.96 -0.073 -26.02 63.64 1.0713678173251238 116.08559977828143 -3 124 128 122
-0.584 1.015 -0.021 -29.91 60.07 1.1712053620095835 119.91480790669678 -3 124 128 122
-0.663 1.052 0.002 -32.22 57.78 1.2434938680990753 122.22028410968775 3 124 128 123
-0.716 1.085 0.015 -33.42 56.57 1.3000407685915083 123.42113262258465 3 125 128 124
-0.743 1.126 0.008 -33.42 56.58 1.3490696794458024 123.41913966681412 3 125 126 124
-0.689 1.093 -0.052 -32.2 57.7 1.2930870040333713 122.22631095367365 -3 125 126 125
-0.603 1.042 -0.087 -29.97 59.69 1.2070385246544535 120.0577440759146 -3 125 126 125
-0.508 0.97 -0.128 -27.44 61.63 1.1024282289564251 117.6415608649792 -3 125 125 127
-0.404 0.893 -0.177 -23.93 63.71 0.9959889557620607 114.3423580474336 -3 125 125 129
-0.305 0.829 -0.214 -19.61 65.8 0.9088795299708317 110.19923233704206 -3 126 126 131
-0.22 0.795 -0.21 -14.98 69.06 0.8511903429903326 105.46833965209113 -3 126 126 133
-0.144 0.784 -0.221 -10.03 71.4 0.8271837764366514 100.40771131249006 -1 126 127 134
0.021 0.819 -0.213 1.42 75.35 0.8465051683244468 88.53119928561418 1 126 128 133
0.104 0.851 -0.212 6.76 74.49 0.8831540069546194 83.0324803335116 1 125 128 132
0.181 0.887 -0.211 11.23 72.6 0.9295434363169911 78.46664490815822 1 125 128 131
0.241 0.913 -0.208 14.43 70.78 0.9669095097267376 75.21319973570927 -3 125 127 131
0.289 0.944 -0.194 16.69 69.76 1.0061277254901586 72.97834185938395 -3 125 127 131
0.322 0.984 -0.191 17.81 69.17 1.0528157483624567 71.88005228896665 -3 125 126 130
0.353 1.018 -0.169 18.88 68.97 1.0906392620843979 70.87558432323861 -3 126 126 130
0.404 1.07 -0.142 20.52 68.19 1.1525103036415771 69.31496327205873 -3 127 126 128
0.422 1.089 -0.134 21.04 67.87 1.1755683731710376 68.81807869698022 -3 127 126 127
0.435 1.103 -0.121 21.41 67.74 1.1918368176894016 68.47676674058386 -3 128 126 127
0.435 1.098 -0.12 21.5 67.66 1.1871095147457964 68.38777400376614 -3 128 126 126
0.426 1.083 -0.122 21.35 67.75 1.170149135794237 68.52771535412552 -3 129 126 126
0.417 1.073 -0.13 21.1 67.85 1.1584981657300972 68.76237979366898 -3 129 126 126
0.399 1.052 -0.147 20.59 67.99 1.1346867409113408 69.22938717196733 -3 129 126 126
0.342 1.019 -0.192 18.25 68.95 1.0918740769887338 71.4470547400142 -3 130 126 125
0.312 1.019 -0.215 16.68 69.6 1.0871660406763999 72.97632690283868 -3 130 125 125
0.277 1.014 -0.225 14.93 70.61 1.0749651157130635 74.72097817796474 -3 130 125 124
0.21 0.989 -0.225 11.7 72.71 1.0357827957636678 78.0121083729028 1 130 126 123
0.146 0.952 -0.245 8.45 73.32 0.9938033004573893 81.28097498494813 1 130 127 123
0.09 0.851 -0.261 5.77 72.03 0.8946630650697501 83.96295769780423 1 129 131 122
0.03 0.834 -0.268 1.96 72.08 0.8765158298627583 87.93988897627688 1 128 132 122
-0.012 0.862 -0.265 -0.76 72.89 0.9018941179539869 90.79756954086652 -1 127 134 121
-0.041 0.862 -0.252 -2.61 73.5 0.8990155727238545 92.72315298368443 -1 126 133 121
-0.101 0.889 -0.28 -6.18 71.49 0.9375083999623683 96.48162759664775 -1 124 132 122
-0.16 0.91 -0.306 -9.46 69.22 0.973311871909513 99.97205768733109 -1 124 131 122
-0.179 0.906 -0.332 -10.51 67.4 0.9813770936801001 101.17609250199114 -1 124 131 123
-0.256 0.892 -0.369 -14.85 63.28 0.9986796283092992 106.01324167088572 -1 125 129 125
-0.313 0.901 -0.335 -18.04 63.03 1.0109376835393962 109.15680705324387 -1 125 129 127
-0.334 0.923 -0.327 -18.83 63.14 1.0346081383789711 109.89334038146934 -3 125 128 127
-0.372 0.949 -0.3 -20.49 63.27 1.0625370581772666 111.40476076352364 -3 125 127 128
-0.407 0.968 -0.295 -21.91 62.56 1.0907327812072027 112.80454047132106 -3 126 125 128
-0.42 0.99 -0.27 -22.26 63.24 1.1087831167545799 112.98871680208065 -3 126 124 128
-0.449 0.993 -0.258 -23.64 62.46 1.1199169612073925 114.33082535062844 -3 126 123 128
-0.484 0.989 -0.263 -25.31 60.88 1.1320538856432587 116.0763500433692 -3 126 123 128
-0.455 0.976 -0.317 -23.91 60.4 1.1225373045026166 114.9943930328841 -3 126 123 128
-0.415 0.956 -0.345 -22.21 60.55 1.0978096374144288 113.4656849429829 -3 125 124 128
-0.352 0.945 -0.369 -19.14 61.65 1.0738202829151626 110.42969679268754 -1 125 125 128
-0.275 0.926 -0.374 -15.4 63.37 1.0358460310297086 106.54016860640448 -1 126 125 129
-0.144 0.893 -0.344 -8.56 67.33 0.9677401510736238 99.16032980178659 -1 125 127 129
-0.072 0.892 -0.331 -4.33 69.21 0.9541535515838109 94.61476657788845 -1 125 128 129
0.003 0.896 -0.323 0.18 70.18 0.9524463239469193 89.8081621693895 1 125 128 129
0.059 0.901 -0.304 3.55 71.03 0.952731861543425 86.25346104663224 1 125 128 129
0.106 0.906 -0.285 6.37 71.45 0.9556657365418099 83.32685831948739 1 125 128 130
0.155 0.93 -0.261 9.12 71.92 0.978287278870578 80.53767779197439 1 125 128 130
0.19 0.96 -0.24 10.87 72.31 1.0076209604806758 78.80488857370003 1 125 128 130
0.275 1.016 -0.172 14.94 72.29 1.066520042005775 74.85468892258798 -3 126 127 129
0.352 1.05 -0.146 18.37 70.05 1.1170138763685973 71.46688603124568 -3 126 127 129
0.411 1.063 -0.129 21 67.94 1.146965997752331 68.86142559026652 -3 126 126 129
0.464 1.058 -0.104 23.58 65.8 1.159946550492737 66.31950590546457 -3 126 126 129
0.545 1.059 -0.083 27.16 62.5 1.1938990744614888 62.76799841358162 -3 126 126 129
0.556 1.048 -0.076 27.89 61.83 1.1887876177013286 62.05251357479901 -3 126 126 128
0.565 1.033 -0.074 28.61 61.12 1.1797414971085827 61.32351797786225 -3 127 126 127
0.571 1.016 -0.082 29.26 60.41 1.1683411316905692 60.66367044481062 -3 127 126 126
0.562 0.993 -0.087 29.41 60.2 1.1443172636991892 60.49179956373167 -3 127 126 125
0.54 0.971 -0.098 28.96 60.52 1.1153676523909055 60.92035185167722 -3 128 126 125
0.506 0.964 -0.114 27.53 61.72 1.094681688894082 62.305186711270565 -3 128 126 125
0.452 0.96 -0.13 25.01 63.9 1.06902011206525 64.78738041175924 -3 128 126 125
0.314 0.966 -0.179 17.72 69.49 1.0314034128312743 71.99315613298128 -3 129 126 125
0.25 0.972 -0.206 14.12 71.57 1.0245584414761317 75.5760674691554 -3 129 125 125
0.17 0.966 -0.229 9.72 73.55 1.007222418336685 80.01909120033027 1 129 124 124
0.085 0.961 -0.256 4.89 74.32 0.9981392688397747 84.9453690756695 1 129 124 124
0.001 0.963 -0.288 0.06 73.35 1.0051437708109223 89.94050284639802 1 129 125 124
-0.078 0.971 -0.325 -4.36 71.01 1.0269128492720305 94.59268292416847 -1 128 125 124
-0.136 0.959 -0.357 -7.57 68.28 1.0322916254624948 98.07154339417035 -1 128 126 124
-0.064 0.989 -0.401 -3.43 67.68 1.0691201990421844 93.70255221481801 -1 126 129 122
-0.073 0.959 -0.418 -3.99 66.13 1.0486820299785822 94.35301495039599 -1 126 130 122
-0.087 0.933 -0.409 -4.88 65.86 1.0224182118878753 95.32728844818668 -1 125 130 122
-0.087 0.91 -0.41 -4.98 65.27 1.0018827276682636 95.46113012470889 -1 126 130 122
-0.213 0.815 -0.373 -13.37 62.21 0.9212616349333125 104.64662747117126 -1 126 129 125
-0.189 0.83 -0.351 -11.84 64.34 0.9207725017614286 102.82813308999869 -1 127 129 125
-0.155 0.863 -0.34 -9.49 66.59 0.9404222455897138 100.18210755932436 -1 127 130 126
-0.193 0.895 -0.311 -11.51 67.76 0.9669513948487795 102.16905928966771 -1 128 130 127
-0.174 0.933 -0.312 -10.03 69.05 0.9990540525917505 100.56402832323201 -1 128 130 128
-0.141 0.976 -0.339 -7.77 69.38 1.0427741845673013 98.22048713141675 -1 128 130 127
-0.131 1.022 -0.364 -6.89 69.27 1.0927675873670484 97.30434527666478 -1 128 130 127
-0.125 1.042 -0.382 -6.43 68.91 1.1168316793501158 96.84060517121239 -1 128 129 126
-0.021 1.032 -0.442 -1.07 66.79 1.1228664212630104 91.1657416063012 -1 127 128 125
-0.026 1.047 -0.446 -1.31 66.89 1.138332552464349 91.42252546749255 -1 126 127 126
0.002 1.037 -0.42 0.1 67.95 1.118826617488161 89.88949718713 1 126 127 126
0.007 0.997 -0.41 0.37 67.64 1.0780343222736462 89.59772932147789 1 125 127 126
-0.006 0.981 -0.403 -0.32 67.66 1.06056871535983 90.35042853265413 -1 125 126 127
-0.006 0.991 -0.37 -0.32 69.52 1.0578359986311678 90.34689250918751 -1 124 126 127
0.009 0.963 -0.364 0.5 69.29 1.0295367890464138 89.46454101443547 1 124 126 126
0.022 0.949 -0.384 1.23 67.94 1.0239829100136388 88.67199007873293 1 124 126 126
0.03 0.947 -0.386 1.68 67.76 1.023086017889014 88.185534598846 1 125 126 125
0.005 0.912 -0.401 0.29 66.26 0.9962780736320558 89.68588154895392 1 125 126 125
-0.007 0.904 -0.408 -0.4 65.71 0.9918311348208424 90.44365314254738 -1 126 126 125
-0.025 0.895 -0.403 -1.46 65.72 0.9818650620120873 91.60002471514774 -1 126 127 124
-0.076 0.875 -0.377 -4.56 66.27 0.9557876333161044 94.96408942078406 -1 127 127 125
-0.114 0.881 -0.355 -6.84 67.06 0.9566514516792415 97.37301384580587 -1 127 126 125
-0.174 0.904 -0.295 -10.37 69.25 0.9667041946738413 100.89492982465936 -1 128 126 126
-0.192 0.917 -0.272 -11.35 70.05 0.975570089742403 101.82566451928592 -1 127 125 126
-0.174 0.946 -0.281 -10 70.74 1.0020743485390693 100.42205917016504 -1 127 125 127
-0.152 0.963 -0.29 -8.59 71.22 1.017139616768514 98.9695713288377 -1 127 125 127
-0.119 0.988 -0.305 -6.57 71.67 1.0408313984502966 96.86792620562917 -1 126 125 127
-0.074 0.983 -0.323 -4.09 71.37 1.0373495071575443 94.30509216748136 -1 126 125 127
-0.039 0.967 -0.352 -2.17 69.89 1.0298126043120661 92.30953984438244 -1 126 125 127
-0.014 0.964 -0.36 -0.78 69.51 1.0291219558439126 90.83203789057174 -1 126 126 127
-0.001 0.973 -0.374 -0.05 68.97 1.042403952410005 90.05888567249728 -1 126 126 126
-0.014 0.985 -0.373 -0.76 69.25 1.0533517930871907 90.81430142629243 -1 126 126 126
-0.035 0.992 -0.357 -1.9 70.12 1.0548639722732025 92.02068628143378 -1 126 126 126
-0.055 0.984 -0.353 -3.01 70.05 1.046847648896438 93.19917917507952 -1 126 127 126
-0.071 0.976 -0.349 -3.92 69.95 1.0389504319263743 94.16070403449366 -1 126 127 126
-0.085 0.977 -0.34 -4.7 70.27 1.0379566464934844 94.97227134864279 -1 126 127 126
-0.089 0.975 -0.334 -4.94 70.48 1.034457345664866 95.2156220931981 -1 126 127 126
-0.103 0.971 -0.305 -5.78 71.66 1.022973606697651 96.05507599273858 -1 125 126 126
-0.119 0.974 -0.288 -6.68 72.26 1.0226343432527583 96.96568075291181 -1 125 126 126
-0.138 0.964 -0.284 -7.82 71.86 1.0143944006154608 98.14674359083968 -1 125 125 125
-0.16 0.961 -0.288 -9.06 71.08 1.0159059995885447 99.45265366618135 -1 125 125 125
-0.175 0.968 -0.303 -9.79 70.13 1.0292997619741298 100.24754028905309 -1 125 125 125
-0.2 0.983 -0.309 -10.98 69.47 1.0496523233909407 101.50035762853861 -1 124 125 125
-0.237 0.995 -0.321 -12.77 68.15 1.0720237870495226 103.39768758883774 -1 124 125 126
-0.334 1.023 -0.337 -17.23 65.12 1.1276763720145953 108.08137959085137 -1 125 126 126
-0.387 1.021 -0.37 -19.61 62.33 1.1528703309566084 110.758719979761 -3 125 127 126
-0.402 1.043 -0.439 -19.56 60.29 1.2009054917019906 111.0779923324918 -1 125 129 126
-0.377 1.055 -0.547 -17.6 57.8 1.246740951440996 109.6641445225793 -1 125 131 127
-0.344 1.047 -0.675 -15.44 54.11 1.292350571632945 108.18834010398237 -1 126 132 129
-0.298 1.023 -0.791 -12.98 50.43 1.3270320267423843 106.24084657346714 -1 126 133 131
-0.231 1.02 -0.903 -9.62 47.58 1.381727180017821 102.76055664247825 -1 127 133 132
-0.088 0.986 -0.954 -3.67 45.82 1.374793075338976 95.10010632683397 -1 128 133 131
0.048 0.958 -0.922 2.07 46.06 1.3304705934367733 87.13162894930413 1 128 133 130
0.191 0.923 -0.856 8.63 46.46 1.2732423178641212 78.30857816882732 1 127 132 129
0.309 0.861 -0.78 14.89 45.74 1.202165546004376 70.25769808229794 1 127 130 128
0.629 0.762 -0.642 32.26 40.29 1.1783246581481692 50.461713228053654 1 125 123 130
0.664 0.78 -0.657 33.07 39.86 1.2169408366884564 49.59284533039397 -3 125 123 129
0.685 0.858 -0.66 32.33 42.05 1.2810109289151284 51.39724300110765 -3 124 125 127
0.686 0.888 -0.672 31.63 42.76 1.307946482085563 52.31310561693146 -3 124 125 125
0.679 0.895 -0.659 31.42 43.41 1.3024388661276967 52.81389243216287 -3 123 125 124
0.641 0.898 -0.627 30.34 45.04 1.2690208824128941 54.48043276885322 -3 123 125 123
0.581 0.899 -0.581 28.49 47.57 1.2179174848896785 57.12647938410372 0 122 125 122
0.502 0.875 -0.548 25.93 49.66 1.1480126305925384 60.15649087557776 1 122 125 122
0.431 0.849 -0.506 23.56 51.94 1.0782383780964206 63.085096367935044 1 123 126 122
0.298 0.823 -0.431 17.78 57.52 0.9756505521958156 70.09518927252499 1 122 126 121
0.243 0.817 -0.417 14.84 59.43 0.9489083201237093 73.43596299561972 1 122 126 121
0.192 0.818 -0.399 11.91 61.57 0.9301553633667873 76.79071670677628 1 122 126 121
0.116 0.81 -0.371 7.42 64.36 0.8984414282522818 81.85009267618238 1 121 126 121
0.038 0.8 -0.344 2.5 66.61 0.8716536009218342 87.2804945387275 1 121 126 121
-0.037 0.78 -0.332 -2.5 66.82 0.8485240126242746 92.71584091187997 -1 121 126 121
-0.104 0.772 -0.298 -7.16 67.76 0.8340287764819628 97.67241159977956 -1 122 127 121
-0.221 0.821 -0.214 -14.6 69.46 0.8767428357277862 105.06598539535136 -3 122 128 122
-0.294 0.862 -0.171 -18.5 68.47 0.9266720023827201 108.83282978475661 -3 123 128 122
-0.374 0.91 -0.121 -22.17 66.64 0.9912703970158697 112.34212370447581 -3 124 128 122
-0.47 0.96 -0.073 -26.02 63.64 1.0713678173251238 116.08559977828143 -3 124 128 122
-0.584 1.015 -0.021 -29.91 60.07 1.1712053620095835 119.91480790669678 -3 124 128 122
-0.663 1.052 0.002 -32.22 57.78 1.2434938680990753 122.22028410968775 3 124 128 123
-0.716 1.085 0.015 -33.42 56.57 1.3000407685915083 123.42113262258465 3 125 128 124
-0.743 1.126 0.008 -33.42 56.58 1.3490696794458024 123.41913966681412 3 125 126 124
-0.689 1.093 -0.052 -32.2 57.7 1.2930870040333713 122.22631095367365 -3 125 126 125
-0.603 1.042 -0.087 -29.97 59.69 1.2070385246544535 120.0577440759146 -3 125 126 125
-0.508 0.97 -0.128 -27.44 61.63 1.1024282289564251 117.6415608649792 -3 125 125 127
-0.404 0.893 -0.177 -23.93 63.71 0.9959889557620607 114.3423580474336 -3 125 125 129
-0.305 0.829 -0.214 -19.61 65.8 0.9088795299708317 110.19923233704206 -3 126 126 131
-0.22 0.795 -0.21 -14.98 69.06 0.8511903429903326 105.46833965209113 -3 126 126 133
-0.144 0.784 -0.221 -10.03 71.4 0.8271837764366514 100.40771131249006 -1 126 127 134
0.021 0.819 -0.213 1.42 75.35 0.8465051683244468 88.53119928561418 1 126 128 133
0.104 0.851 -0.212 6.76 74.49 0.8831540069546194 83.0324803335116 1 125 128 132
0.181 0.887 -0.211 11.23 72.6 0.9295434363169911 78.46664490815822 1 125 128 131
0.241 0.913 -0.208 14.43 70.78 0.9669095097267376 75.21319973570927 -3 125 127 131
0.289 0.944 -0.194 16.69 69.76 1.0061277254901586 72.97834185938395 -3 125 127 131
0.322 0.984 -0.191 17.81 69.17 1.0528157483624567 71.88005228896665 -3 125 126 130
0.353 1.018 -0.169 18.88 68.97 1.0906392620843979 70.87558432323861 -3 126 126 130
0.404 1.07 -0.142 20.52 68.19 1.1525103036415771 69.31496327205873 -3 127 126 128
0.422 1.089 -0.134 21.04 67.87 1.1755683731710376 68.81807869698022 -3 127 126 127
0.435 1.103 -0.121 21.41 67.74 1.1918368176894016 68.47676674058386 -3 128 126 127
0.435 1.098 -0.12 21.5 67.66 1.1871095147457964 68.38777400376614 -3 128 126 126
0.426 1.083 -0.122 21.35 67.75 1.170149135794237 68.52771535412552 -3 129 126 126
0.417 1.073 -0.13 21.1 67.85 1.1584981657300972 68.76237979366898 -3 129 126 126
0.399 1.052 -0.147 20.59 67.99 1.1346867409113408 69.22938717196733 -3 129 126 126
0.342 1.019 -0.192 18.25 68.95 1.0918740769887338 71.4470547400142 -3 130 126 125
0.312 1.019 -0.215 16.68 69.6 1.0871660406763999 72.97632690283868 -3 130 125 125
0.277 1.014 -0.225 14.93 70.61 1.0749651157130635 74.72097817796474 -3 130 125 124
0.21 0.989 -0.225 11.7 72.71 1.0357827957636678 78.0121083729028 1 130 126 123
0.146 0.952 -0.245 8.45 73.32 0.9938033004573893 81.28097498494813 1 130 127 123
0.09 0.851 -0.261 5.77 72.03 0.8946630650697501 83.96295769780423 1 129 131 122
0.03 0.834 -0.268 1.96 72.08 0.8765158298627583 87.93988897627688 1 128 132 122
-0.012 0.862 -0.265 -0.76 72.89 0.9018941179539869 90.79756954086652 -1 127 134 121
-0.041 0.862 -0.252 -2.61 73.5 0.8990155727238545 92.72315298368443 -1 126 133 121
-0.101 0.889 -0.28 -6.18 71.49 0.9375083999623683 96.48162759664775 -1 124 132 122
-0.16 0.91 -0.306 -9.46 69.22 0.973311871909513 99.97205768733109 -1 124 131 122
-0.179 0.906 -0.332 -10.51 67.4 0.9813770936801001 101.17609250199114 -1 124 131 123
-0.256 0.892 -0.369 -14.85 63.28 0.9986796283092992 106.01324167088572 -1 125 129 125
-0.313 0.901 -0.335 -18.04 63.03 1.0109376835393962 109.15680705324387 -1 125 129 127
-0.334 0.923 -0.327 -18.83 63.14 1.0346081383789711 109.89334038146934 -3 125 128 127
-0.372 0.949 -0.3 -20.49 63.27 1.0625370581772666 111.40476076352364 -3 125 127 128
-0.407 0.968 -0.295 -21.91 62.56 1.0907327812072027 112.80454047132106 -3 126 125 128
-0.42 0.99 -0.27 -22.26 63.24 1.1087831167545799 112.98871680208065 -3 126 124 128
-0.449 0.993 -0.258 -23.64 62.46 1.1199169612073925 114.33082535062844 -3 126 123 128
-0.484 0.989 -0.263 -25.31 60.88 1.1320538856432587 116.0763500433692 -3 126 123 128
-0.455 0.976 -0.317 -23.91 60.4 1.1225373045026166 114.9943930328841 -3 126 123 128
-0.415 0.956 -0.345 -22.21 60.55 1.0978096374144288 113.4656849429829 -3 125 124 128
-0.352 0.945 -0.369 -19.14 61.65 1.0738202829151626 110.42969679268754 -1 125 125 128
-0.275 0.926 -0.374 -15.4 63.37 1.0358460310297086 106.54016860640448 -1 126 125 129
-0.144 0.893 -0.344 -8.56 67.33 0.9677401510736238 99.16032980178659 -1 125 127 129
-0.072 0.892 -0.331 -4.33 69.21 0.9541535515838109 94.61476657788845 -1 125 128 129
0.003 0.896 -0.323 0.18 70.18 0.9524463239469193 89.8081621693895 1 125 128 129
0.059 0.901 -0.304 3.55 71.03 0.952731861543425 86.25346104663224 1 125 128 129
0.106 0.906 -0.285 6.37 71.45 0.9556657365418099 83.32685831948739 1 125 128 130
0.155 0.93 -0.261 9.12 71.92 0.978287278870578 80.53767779197439 1 125 128 130
0.19 0.96 -0.24 10.87 72.31 1.0076209604806758 78.80488857370003 1 125 128 130
0.275 1.016 -0.172 14.94 72.29 1.066520042005775 74.85468892258798 -3 126 127 129
0.352 1.05 -0.146 18.37 70.05 1.1170138763685973 71.46688603124568 -3 126 127 129
0.411 1.063 -0.129 21 67.94 1.146965997752331 68.86142559026652 -3 126 126 129
0.464 1.058 -0.104 23.58 65.8 1.159946550492737 66.31950590546457 -3 126 126 129
0.545 1.059 -0.083 27.16 62.5 1.1938990744614888 62.76799841358162 -3 126 126 129
0.556 1.048 -0.076 27.89 61.83 1.1887876177013286 62.05251357479901 -3 126 126 128
0.565 1.033 -0.074 28.61 61.12 1.1797414971085827 61.32351797786225 -3 127 126 127
0.571 1.016 -0.082 29.26 60.41 1.1683411316905692 60.66367044481062 -3 127 126 126
0.562 0.993 -0.087 29.41 60.2 1.1443172636991892 60.49179956373167 -3 127 126 125
0.54 0.971 -0.098 28.96 60.52 1.1153676523909055 60.92035185167722 -3 128 126 125
0.506 0.964 -0.114 27.53 61.72 1.094681688894082 62.305186711270565 -3 128 126 125
0.452 0.96 -0.13 25.01 63.9 1.06902011206525 64.78738041175924 -3 128 126 125
0.314 0.966 -0.179 17.72 69.49 1.0314034128312743 71.99315613298128 -3 129 126 125
0.25 0.972 -0.206 14.12 71.57 1.0245584414761317 75.5760674691554 -3 129 125 125
0.17 0.966 -0.229 9.72 73.55 1.007222418336685 80.01909120033027 1 129 124 124
0.085 0.961 -0.256 4.89 74.32 0.9981392688397747 84.9453690756695 1 129 124 124
0.001 0.963 -0.288 0.06 73.35 1.0051437708109223 89.94050284639802 1 129 125 124
-0.078 0.971 -0.325 -4.36 71.01 1.0269128492720305 94.59268292416847 -1 128 125 124
-0.136 0.959 -0.357 -7.57 68.28 1.0322916254624948 98.07154339417035 -1 128 126 124
-0.064 0.989 -0.401 -3.43 67.68 1.0691201990421844 93.70255221481801 -1 126 129 122
-0.073 0.959 -0.418 -3.99 66.13 1.0486820299785822 94.35301495039599 -1 126 130 122
-0.087 0.933 -0.409 -4.88 65.86 1.0224182118878753 95.32728844818668 -1 125 130 122
-0.087 0.91 -0.41 -4.98 65.27 1.0018827276682636 95.46113012470889 -1 126 130 122
-0.213 0.815 -0.373 -13.37 62.21 0.9212616349333125 104.64662747117126 -1 126 129 125
-0.189 0.83 -0.351 -11.84 64.34 0.9207725017614286 102.82813308999869 -1 127 129 125
-0.155 0.863 -0.34 -9.49 66.59 0.9404222455897138 100.18210755932436 -1 127 130 126
-0.193 0.895 -0.311 -11.51 67.76 0.9669513948487795 102.16905928966771 -1 128 130 127
-0.174 0.933 -0.312 -10.03 69.05 0.9990540525917505 100.56402832323201 -1 128 130 128
-0.141 0.976 -0.339 -7.77 69.38 1.0427741845673013 98.22048713141675 -1 128 130 127
-0.131 1.022 -0.364 -6.89 69.27 1.0927675873670484 97.30434527666478 -1 128 130 127
-0.125 1.042 -0.382 -6.43 68.91 1.1168316793501158 96.84060517121239 -1 128 129 126
-0.021 1.032 -0.442 -1.07 66.79 1.1228664212630104 91.1657416063012 -1 127 128 125
-0.026 1.047 -0.446 -1.31 66.89 1.138332552464349 91.42252546749255 -1 126 127 126
0.002 1.037 -0.42 0.1 67.95 1.118826617488161 89.88949718713 1 126 127 126
0.007 0.997 -0.41 0.37 67.64 1.0780343222736462 89.59772932147789 1 125 127 126
-0.006 0.981 -0.403 -0.32 67.66 1.06056871535983 90.35042853265413 -1 125 126 127
-0.006 0.991 -0.37 -0.32 69.52 1.0578359986311678 90.34689250918751 -1 124 126 127
0.009 0.963 -0.364 0.5 69.29 1.0295367890464138 89.46454101443547 1 124 126 126
0.022 0.949 -0.384 1.23 67.94 1.0239829100136388 88.67199007873293 1 124 126 126
0.03 0.947 -0.386 1.68 67.76 1.023086017889014 88.185534598846 1 125 126 125
0.005 0.912 -0.401 0.29 66.26 0.9962780736320558 89.68588154895392 1 125 126 125
-0.007 0.904 -0.408 -0.4 65.71 0.9918311348208424 90.44365314254738 -1 126 126 125
-0.025 0.895 -0.403 -1.46 65.72 0.9818650620120873 91.60002471514774 -1 126 127 124
-0.076 0.875 -0.377 -4.56 66.27 0.9557876333161044 94.96408942078406 -1 127 127 125
-0.114 0.881 -0.355 -6.84 67.06 0.9566514516792415 97.37301384580587 -1 127 126 125
-0.174 0.904 -0.295 -10.37 69.25 0.9667041946738413 100.89492982465936 -1 128 126 126
-0.192 0.917 -0.272 -11.35 70.05 0.975570089742403 101.82566451928592 -1 127 125 126
-0.174 0.946 -0.281 -10 70.74 1.0020743485390693 100.42205917016504 -1 127 125 127
-0.152 0.963 -0.29 -8.59 71.22 1.017139616768514 98.9695713288377 -1 127 125 127
-0.119 0.988 -0.305 -6.57 71.67 1.0408313984502966 96.86792620562917 -1 126 125 127
-0.074 0.983 -0.323 -4.09 71.37 1.0373495071575443 94.30509216748136 -1 126 125 127
-0.039 0.967 -0.352 -2.17 69.89 1.0298126043120661 92.30953984438244 -1 126 125 127
-0.014 0.964 -0.36 -0.78 69.51 1.0291219558439126 90.83203789057174 -1 126 126 127
-0.001 0.973 -0.374 -0.05 68.97 1.042403952410005 90.05888567249728 -1 126 126 126
-0.014 0.985 -0.373 -0.76 69.25 1.0533517930871907 90.81430142629243 -1 126 126 126
-0.035 0.992 -0.357 -1.9 70.12 1.0548639722732025 92.02068628143378 -1 126 126 126
-0.055 0.984 -0.353 -3.01 70.05 1.046847648896438 93.19917917507952 -1 126 127 126
-0.071 0.976 -0.349 -3.92 69.95 1.0389504319263743 94.16070403449366 -1 126 127 126
-0.085 0.977 -0.34 -4.7 70.27 1.0379566464934844 94.97227134864279 -1 126 127 126
-0.089 0.975 -0.334 -4.94 70.48 1.034457345664866 95.2156220931981 -1 126 127 126
-0.103 0.971 -0.305 -5.78 71.66 1.022973606697651 96.05507599273858 -1 125 126 126
-0.119 0.974 -0.288 -6.68 72.26 1.0226343432527583 96.96568075291181 -1 125 126 126
-0.138 0.964 -0.284 -7.82 71.86 1.0143944006154608 98.14674359083968 -1 125 125 125
-0.16 0.961 -0.288 -9.06 71.08 1.0159059995885447 99.45265366618135 -1 125 125 125
-0.175 0.968 -0.303 -9.79 70.13 1.0292997619741298 100.24754028905309 -1 125 125 125
-0.2 0.983 -0.309 -10.98 69.47 1.0496523233909407 101.50035762853861 -1 124 125 125
-0.237 0.995 -0.321 -12.77 68.15 1.0720237870495226 103.39768758883774 -1 124 125 126
-0.334 1.023 -0.337 -17.23 65.12 1.1276763720145953 108.08137959085137 -1 125 126 126
-0.387 1.021 -0.37 -19.61 62.33 1.1528703309566084 110.758719979761 -3 125 127 126
-0.402 1.043 -0.439 -19.56 60.29 1.2009054917019906 111.0779923324918 -1 125 129 126
-0.377 1.055 -0.547 -17.6 57.8 1.246740951440996 109.6641445225793 -1 125 131 127
-0.344 1.047 -0.675 -15.44 54.11 1.292350571632945 108.18834010398237 -1 126 132 129
-0.298 1.023 -0.791 -12.98 50.43 1.3270320267423843 106.24084657346714 -1 126 133 131
-0.231 1.02 -0.903 -9.62 47.58 1.381727180017821 102.76055664247825 -1 127 133 132
-0.088 0.986 -0.954 -3.67 45.82 1.374793075338976 95.10010632683397 -1 128 133 131
0.048 0.958 -0.922 2.07 46.06 1.3304705934367733 87.13162894930413 1 128 133 130
0.191 0.923 -0.856 8.63 46.46 1.2732423178641212 78.30857816882732 1 127 132 129
0.309 0.861 -0.78 14.89 45.74 1.202165546004376 70.25769808229794 1 127 130 128
0.415 0.78 -0.663 22.07 44.92 1.104623917901473 61.98473253198859 1 126 128 127
0.445 0.651 -0.357 30.94 48.77 0.8656067236337759 55.64490404813013 -3 122 124 125
0.326 0.709 -0.146 24.24 63.26 0.7938973485281331 65.30690828515222 -3 120 122 124
0.19 0.754 0.125 13.96 73.21 0.7875538076855447 75.85652812417432 3 118 121 123
0.071 0.762 0.368 4.8 63.81 0.8491813704974928 84.67678628480927 1 117 121 122
-0.054 0.731 0.615 -3.24 49.82 0.9568186871084825 94.2248461412131 -1 116 120 123
-0.208 0.75 0.939 -9.82 37.95 1.2196249423490813 105.5004676227814 -1 115 120 124
-0.359 0.774 1.165 -14.4 32.41 1.444015927889994 114.88301559925654 -1 115 121 126
-0.378 0.884 1.459 -12.49 30.39 1.7472896153757682 113.15163959857979 -1 119 124 129
-0.299 0.951 1.524 -9.45 31.48 1.821092529225245 107.45345470854329 -1 123 126 130
-0.136 0.957 1.415 -4.55 33.95 1.7136423197388655 98.08818884333465 -1 128 128 131
0.098 0.895 1.289 3.57 34.7 1.572307221887631 83.75116658874336 1 132 130 132
0.212 0.857 1.111 8.59 37.15 1.419053910181005 76.10542163229519 1 134 130 133
0.078 0.818 0.945 3.57 40.78 1.252291100343686 84.55305717180299 1 136 129 134
0.101 0.817 0.652 5.52 51.08 1.050139990667911 82.95267864876983 1 136 129 133
0.121 0.814 0.303 7.93 68.16 0.8769526783128038 81.54497232282256 1 135 128 132
0.11 0.702 -0.341 8.02 62.96 0.7881529039469435 81.0944447966827 1 133 125 128
0.26 0.672 -0.664 15.39 43.3 0.9798367210918358 68.8483086165352 1 130 123 127
0.172 0.65 -0.818 9.35 37.87 1.0588710969707313 75.17836574846847 1 129 122 126
0.041 0.662 -0.839 2.2 38.24 1.0695073632285101 86.45599654201489 1 127 122 126
-0.05 0.706 -0.822 -2.64 40.61 1.0847211623269826 94.05101091775668 -1 126 122 123
-0.072 0.745 -0.832 -3.69 41.74 1.1191215304871942 95.52016649382982 -1 125 122 122
-0.011 0.832 -0.794 -0.55 46.34 1.1501221674239654 90.75747218263115 -1 125 123 121
