-0.403 0.857 -0.367 -23.38 57.54 1.0156510227435407 115.18502299409394 -3 126 126 127
-0.406 0.848 -0.369 -23.7 57.1 1.0100004950493835 115.5838682908013 -3 126 126 127
-0.405 0.849 -0.369 -23.63 57.16 1.0104390134985881 115.50262640736467 -3 126 126 127
-0.407 0.854 -0.368 -23.64 57.28 1.015080784962458 115.48157222252702 -3 126 126 127
-0.399 0.859 -0.372 -23.09 57.58 1.0175784982005074 114.9145666429997 -3 126 126 127
-0.39 0.863 -0.376 -22.5 57.88 1.0189430798626584 114.31877849719992 -3 126 126 127
-0.383 0.872 -0.376 -21.97 58.39 1.0239379864034734 113.71205059508269 -3 126 126 127
-0.374 0.866 -0.375 -21.62 58.55 1.0151142792809094 113.3580995100038 -1 126 126 127
-0.373 0.862 -0.376 -21.63 58.43 1.0117059849580805 113.39884057033788 -1 126 126 127
-0.372 0.858 -0.378 -21.64 58.28 1.0086783431798267 113.43993609343491 -1 126 126 127
-0.367 0.857 -0.375 -21.42 58.52 1.0048696432871282 113.18245085787422 -1 126 126 127
-0.365 0.859 -0.372 -21.3 58.75 1.0047337955896576 113.02125467737493 -1 126 126 127
-0.36 0.861 -0.373 -20.99 58.95 1.0050124377339815 112.69070539106391 -1 126 126 127
-0.35 0.867 -0.367 -20.39 59.68 1.004429191132954 111.98348086400155 -1 126 126 127
-0.354 0.864 -0.366 -20.67 59.49 1.0028798532227077 112.28000271854233 -1 126 126 127
-0.357 0.863 -0.368 -20.83 59.29 1.0038137277403612 112.4735701366569 -1 126 126 126
-0.367 0.864 -0.37 -21.33 58.9 1.009001982158608 113.01425726673952 -1 126 126 127
-0.377 0.863 -0.373 -21.85 58.43 1.0129299087301153 113.59802478093057 -3 126 126 127
-0.38 0.867 -0.378 -21.89 58.28 1.019300250171656 113.66750097537216 -3 126 126 127
-0.376 0.873 -0.383 -21.52 58.42 1.0247897345309427 113.30148377693918 -1 126 126 127
-0.37 0.891 -0.377 -20.93 59.34 1.0358136898110586 112.55134028826326 -1 126 126 127
-0.369 0.895 -0.376 -20.81 59.52 1.0385383960162475 112.4058888560519 -1 126 126 127
-0.372 0.897 -0.377 -20.92 59.44 1.0416918930278762 112.52455361566369 -1 126 126 127
-0.378 0.896 -0.377 -21.25 59.21 1.0429904122282236 112.87366519062672 -3 126 126 127
-0.376 0.888 -0.38 -21.27 58.95 1.0364940906729763 112.94893728092329 -1 126 126 127
-0.374 0.873 -0.382 -21.43 58.52 1.023684033283708 113.19066907314661 -1 126 126 127
-0.369 0.869 -0.377 -21.28 58.74 1.0165879204476118 113.00733966507889 -1 126 126 127
-0.362 0.866 -0.377 -20.97 58.89 1.0114983934737611 112.68560339757322 -1 126 127 127
-0.351 0.87 -0.378 -20.31 59.34 1.0114272094421823 111.9715270966454 -1 126 127 127
-0.351 0.872 -0.38 -20.25 59.32 1.0138959512691625 111.92591612060569 -1 126 126 127
-0.354 0.873 -0.384 -20.36 59.11 1.0173008404596942 112.07246969716267 -1 126 126 127
-0.358 0.871 -0.388 -20.58 58.78 1.018503313691222 112.34373156961475 -1 126 126 127
-0.362 0.868 -0.385 -20.87 58.67 1.0162150362989124 112.63861049931437 -1 126 126 127
-0.363 0.865 -0.384 -20.98 58.58 1.0136320831544352 112.76551196231802 -1 126 126 127
-0.364 0.865 -0.382 -21.05 58.62 1.0132349184665912 112.82180825272053 -1 126 126 127
-0.358 0.867 -0.385 -20.68 58.77 1.013941812926166 112.43661681109013 -1 126 126 127
-0.359 0.87 -0.389 -20.64 58.68 1.0183820501167526 112.42318221103729 -1 126 126 127
-0.362 0.874 -0.393 -20.69 58.56 1.0243871338512605 112.49873240227203 -1 126 126 127
-0.364 0.876 -0.395 -20.75 58.48 1.0275684892015715 112.56411169332523 -1 126 126 127
-0.364 0.88 -0.391 -20.71 58.74 1.0294547100285667 112.4717663324389 -1 126 126 127
-0.365 0.875 -0.392 -20.84 58.53 1.0259210495939735 112.64310867070571 -1 126 126 127
-0.362 0.874 -0.39 -20.72 58.67 1.0232399523083529 112.49873240227203 -1 126 126 127
-0.355 0.864 -0.385 -20.57 58.78 1.0103197513658733 112.33676202503408 -1 126 126 127
-0.354 0.862 -0.386 -20.55 58.72 1.0086406694160215 112.32662511700278 -1 126 126 127
-0.354 0.863 -0.385 -20.54 58.78 1.0091134723112163 112.30329079639624 -1 126 126 127
-0.357 0.862 -0.389 -20.68 58.51 1.0108481587261264 112.49704460130297 -1 126 126 127
-0.36 0.865 -0.391 -20.77 58.43 1.0152369181624552 112.59634451442194 -1 126 126 127
-0.363 0.864 -0.392 -20.94 58.27 1.0158390620565838 112.78916988599164 -1 126 126 126
-0.363 0.862 -0.392 -20.97 58.21 1.0141385506921625 112.83662564246801 -1 126 126 126
-0.363 0.862 -0.392 -20.97 58.21 1.0141385506921625 112.83662564246801 -1 126 126 126
-0.361 0.86 -0.392 -20.9 58.22 1.011723776531915 112.77107820062531 -1 126 126 127
-0.361 0.864 -0.394 -20.81 58.26 1.0159000935131368 112.67634643423462 -1 126 126 127
-0.365 0.868 -0.393 -20.96 58.29 1.0203420994940864 112.80709009494464 -1 126 126 127
-0.367 0.871 -0.396 -20.99 58.21 1.0247663148249948 112.84835671275346 -1 126 126 127
-0.37 0.871 -0.394 -21.16 58.18 1.0250741436598623 113.01574072108046 -1 126 126 127
-0.369 0.865 -0.391 -21.24 58.14 1.0184630577492735 113.10259097291029 -1 126 126 127
-0.361 0.862 -0.393 -20.86 58.24 1.0138116195822575 112.72361881843995 -1 126 126 127
-0.358 0.862 -0.394 -20.69 58.3 1.0131357263466727 112.55375809479807 -1 126 126 127
-0.355 0.861 -0.394 -20.55 58.37 1.011227966385424 112.40690565134923 -1 126 126 127
-0.353 0.862 -0.398 -20.39 58.32 1.0129447171489667 112.26972580328336 -1 126 126 127
-0.349 0.864 -0.403 -20.11 58.32 1.0152369181624554 111.99551560938305 -1 126 127 126
-0.354 0.86 -0.405 -20.43 57.98 1.0143672904821015 112.37343300736352 -1 126 126 126
-0.358 0.858 -0.406 -20.66 57.75 1.0144772052638737 112.6483089865012 -1 126 126 126
-0.363 0.858 -0.405 -20.94 57.63 1.0158533358708826 112.9321004375898 -1 126 126 126
-0.368 0.857 -0.405 -21.22 57.44 1.0168077497737713 113.23892260575678 -1 126 126 126
-0.37 0.861 -0.405 -21.25 57.5 1.0209045009206297 113.25478644022586 -1 126 126 126
-0.37 0.862 -0.403 -21.25 57.6 1.0209569040855742 113.23067101394253 -1 126 126 126
-0.369 0.865 -0.398 -21.18 57.89 1.0211708965692274 113.10259097291029 -1 126 126 126
-0.366 0.871 -0.395 -20.94 58.27 1.0240224606911708 112.7924701775563 -1 126 126 126
-0.377 0.876 -0.386 -21.5 58.37 1.0288347777947633 113.28536637661877 -1 126 126 126
-0.387 0.88 -0.386 -21.94 58.15 1.0359367741324759 113.73858392067258 -3 126 126 126
-0.402 0.879 -0.39 -22.69 57.49 1.0422787535011928 114.57641332060393 -3 126 126 126
-0.421 0.888 -0.399 -23.39 56.85 1.0606535720959978 115.36558789883387 -3 126 126 126
-0.463 0.921 -0.421 -24.57 55.81 1.1134859675810918 116.68933683791636 -3 126 126 126
-0.488 0.926 -0.444 -25.42 54.53 1.1369942831870352 117.78913369925422 -3 126 126 126
-0.53 0.961 -0.471 -26.35 53.58 1.1942621152829056 118.8771241566888 -3 126 125 126
-0.58 0.969 -0.496 -28.05 51.78 1.2334411214160164 120.90284987975465 -3 125 124 127
-0.642 0.946 -0.529 -30.64 48.67 1.2597305267397467 124.16265663942234 -3 125 122 127
-0.757 0.9 -0.509 -36.21 44.61 1.2814562029191634 130.06756412084718 -3 125 121 128
-0.881 0.827 -0.483 -42.61 39.46 1.3012989664177868 136.8108558749106 -3 125 119 128
-1.004 0.604 -0.35 -55.19 29.6 1.2228376834232744 148.96915242187717 -3 123 120 129
-0.956 0.535 -0.251 -58.28 28.43 1.1239048002388814 150.76760125190438 -3 122 121 129
-0.806 0.501 -0.229 -55.65 30.88 0.9762571382581539 148.1354081034577 -3 121 122 130
-0.617 0.51 -0.19 -48.59 38.31 0.8227326418709786 140.42353748952462 -3 121 124 130
-0.426 0.54 -0.153 -37.2 50.03 0.7046169171968553 128.26951606538435 -3 121 124 131
-0.231 0.582 -0.145 -21.06 64.89 0.6427363378555782 111.64848517106797 -3 121 124 132
-0.081 0.635 -0.137 -7.11 75.93 0.6546411230590391 97.26933790642447 -1 121 124 134
-0.403 0.857 -0.367 -23.38 57.54 1.0156510227435407 115.18502299409394 -3 126 126 127
-0.406 0.848 -0.369 -23.7 57.1 1.0100004950493835 115.5838682908013 -3 126 126 127
-0.405 0.849 -0.369 -23.63 57.16 1.0104390134985881 115.50262640736467 -3 126 126 127
-0.407 0.854 -0.368 -23.64 57.28 1.015080784962458 115.48157222252702 -3 126 126 127
-0.399 0.859 -0.372 -23.09 57.58 1.0175784982005074 114.9145666429997 -3 126 126 127
-0.39 0.863 -0.376 -22.5 57.88 1.0189430798626584 114.31877849719992 -3 126 126 127
-0.383 0.872 -0.376 -21.97 58.39 1.0239379864034734 113.71205059508269 -3 126 126 127
-0.374 0.866 -0.375 -21.62 58.55 1.0151142792809094 113.3580995100038 -1 126 126 127
-0.373 0.862 -0.376 -21.63 58.43 1.0117059849580805 113.39884057033788 -1 126 126 127
-0.372 0.858 -0.378 -21.64 58.28 1.0086783431798267 113.43993609343491 -1 126 126 127
-0.367 0.857 -0.375 -21.42 58.52 1.0048696432871282 113.18245085787422 -1 126 126 127
-0.365 0.859 -0.372 -21.3 58.75 1.0047337955896576 113.02125467737493 -1 126 126 127
-0.36 0.861 -0.373 -20.99 58.95 1.0050124377339815 112.69070539106391 -1 126 126 127
-0.35 0.867 -0.367 -20.39 59.68 1.004429191132954 111.98348086400155 -1 126 126 127
-0.354 0.864 -0.366 -20.67 59.49 1.0028798532227077 112.28000271854233 -1 126 126 127
-0.357 0.863 -0.368 -20.83 59.29 1.0038137277403612 112.4735701366569 -1 126 126 126
-0.367 0.864 -0.37 -21.33 58.9 1.009001982158608 113.01425726673952 -1 126 126 127
-0.377 0.863 -0.373 -21.85 58.43 1.0129299087301153 113.59802478093057 -3 126 126 127
-0.38 0.867 -0.378 -21.89 58.28 1.019300250171656 113.66750097537216 -3 126 126 127
-0.376 0.873 -0.383 -21.52 58.42 1.0247897345309427 113.30148377693918 -1 126 126 127
-0.37 0.891 -0.377 -20.93 59.34 1.0358136898110586 112.55134028826326 -1 126 126 127
-0.369 0.895 -0.376 -20.81 59.52 1.0385383960162475 112.4058888560519 -1 126 126 127
-0.372 0.897 -0.377 -20.92 59.44 1.0416918930278762 112.52455361566369 -1 126 126 127
-0.378 0.896 -0.377 -21.25 59.21 1.0429904122282236 112.87366519062672 -3 126 126 127
-0.376 0.888 -0.38 -21.27 58.95 1.0364940906729763 112.94893728092329 -1 126 126 127
-0.374 0.873 -0.382 -21.43 58.52 1.023684033283708 113.19066907314661 -1 126 126 127
-0.369 0.869 -0.377 -21.28 58.74 1.0165879204476118 113.00733966507889 -1 126 126 127
-0.362 0.866 -0.377 -20.97 58.89 1.0114983934737611 112.68560339757322 -1 126 127 127
-0.351 0.87 -0.378 -20.31 59.34 1.0114272094421823 111.9715270966454 -1 126 127 127
-0.351 0.872 -0.38 -20.25 59.32 1.0138959512691625 111.92591612060569 -1 126 126 127
-0.354 0.873 -0.384 -20.36 59.11 1.0173008404596942 112.07246969716267 -1 126 126 127
-0.358 0.871 -0.388 -20.58 58.78 1.018503313691222 112.34373156961475 -1 126 126 127
-0.362 0.868 -0.385 -20.87 58.67 1.0162150362989124 112.63861049931437 -1 126 126 127
-0.363 0.865 -0.384 -20.98 58.58 1.0136320831544352 112.76551196231802 -1 126 126 127
-0.364 0.865 -0.382 -21.05 58.62 1.0132349184665912 112.82180825272053 -1 126 126 127
-0.358 0.867 -0.385 -20.68 58.77 1.013941812926166 112.43661681109013 -1 126 126 127
-0.359 0.87 -0.389 -20.64 58.68 1.0183820501167526 112.42318221103729 -1 126 126 127
-0.362 0.874 -0.393 -20.69 58.56 1.0243871338512605 112.49873240227203 -1 126 126 127
-0.364 0.876 -0.395 -20.75 58.48 1.0275684892015715 112.56411169332523 -1 126 126 127
-0.364 0.88 -0.391 -20.71 58.74 1.0294547100285667 112.4717663324389 -1 126 126 127
-0.365 0.875 -0.392 -20.84 58.53 1.0259210495939735 112.64310867070571 -1 126 126 127
-0.362 0.874 -0.39 -20.72 58.67 1.0232399523083529 112.49873240227203 -1 126 126 127
-0.355 0.864 -0.385 -20.57 58.78 1.0103197513658733 112.33676202503408 -1 126 126 127
-0.354 0.862 -0.386 -20.55 58.72 1.0086406694160215 112.32662511700278 -1 126 126 127
-0.354 0.863 -0.385 -20.54 58.78 1.0091134723112163 112.30329079639624 -1 126 126 127
-0.357 0.862 -0.389 -20.68 58.51 1.0108481587261264 112.49704460130297 -1 126 126 127
-0.36 0.865 -0.391 -20.77 58.43 1.0152369181624552 112.59634451442194 -1 126 126 127
-0.363 0.864 -0.392 -20.94 58.27 1.0158390620565838 112.78916988599164 -1 126 126 126
-0.363 0.862 -0.392 -20.97 58.21 1.0141385506921625 112.83662564246801 -1 126 126 126
-0.363 0.862 -0.392 -20.97 58.21 1.0141385506921625 112.83662564246801 -1 126 126 126
-0.361 0.86 -0.392 -20.9 58.22 1.011723776531915 112.77107820062531 -1 126 126 127
-0.361 0.864 -0.394 -20.81 58.26 1.0159000935131368 112.67634643423462 -1 126 126 127
-0.365 0.868 -0.393 -20.96 58.29 1.0203420994940864 112.80709009494464 -1 126 126 127
-0.367 0.871 -0.396 -20.99 58.21 1.0247663148249948 112.84835671275346 -1 126 126 127
-0.37 0.871 -0.394 -21.16 58.18 1.0250741436598623 113.01574072108046 -1 126 126 127
-0.369 0.865 -0.391 -21.24 58.14 1.0184630577492735 113.10259097291029 -1 126 126 127
-0.361 0.862 -0.393 -20.86 58.24 1.0138116195822575 112.72361881843995 -1 126 126 127
-0.358 0.862 -0.394 -20.69 58.3 1.0131357263466727 112.55375809479807 -1 126 126 127
-0.355 0.861 -0.394 -20.55 58.37 1.011227966385424 112.40690565134923 -1 126 126 127
-0.353 0.862 -0.398 -20.39 58.32 1.0129447171489667 112.26972580328336 -1 126 126 127
-0.349 0.864 -0.403 -20.11 58.32 1.0152369181624554 111.99551560938305 -1 126 127 126
-0.354 0.86 -0.405 -20.43 57.98 1.0143672904821015 112.37343300736352 -1 126 126 126
-0.358 0.858 -0.406 -20.66 57.75 1.0144772052638737 112.6483089865012 -1 126 126 126
-0.363 0.858 -0.405 -20.94 57.63 1.0158533358708826 112.9321004375898 -1 126 126 126
-0.368 0.857 -0.405 -21.22 57.44 1.0168077497737713 113.23892260575678 -1 126 126 126
-0.37 0.861 -0.405 -21.25 57.5 1.0209045009206297 113.25478644022586 -1 126 126 126
-0.37 0.862 -0.403 -21.25 57.6 1.0209569040855742 113.23067101394253 -1 126 126 126
-0.369 0.865 -0.398 -21.18 57.89 1.0211708965692274 113.10259097291029 -1 126 126 126
-0.366 0.871 -0.395 -20.94 58.27 1.0240224606911708 112.7924701775563 -1 126 126 126
-0.377 0.876 -0.386 -21.5 58.37 1.0288347777947633 113.28536637661877 -1 126 126 126
-0.387 0.88 -0.386 -21.94 58.15 1.0359367741324759 113.73858392067258 -3 126 126 126
-0.402 0.879 -0.39 -22.69 57.49 1.0422787535011928 114.57641332060393 -3 126 126 126
-0.421 0.888 -0.399 -23.39 56.85 1.0606535720959978 115.36558789883387 -3 126 126 126
-0.463 0.921 -0.421 -24.57 55.81 1.1134859675810918 116.68933683791636 -3 126 126 126
-0.488 0.926 -0.444 -25.42 54.53 1.1369942831870352 117.78913369925422 -3 126 126 126
-0.53 0.961 -0.471 -26.35 53.58 1.1942621152829056 118.8771241566888 -3 126 125 126
-0.58 0.969 -0.496 -28.05 51.78 1.2334411214160164 120.90284987975465 -3 125 124 127
-0.642 0.946 -0.529 -30.64 48.67 1.2597305267397467 124.16265663942234 -3 125 122 127
-0.757 0.9 -0.509 -36.21 44.61 1.2814562029191634 130.06756412084718 -3 125 121 128
-0.881 0.827 -0.483 -42.61 39.46 1.3012989664177868 136.8108558749106 -3 125 119 128
-1.004 0.604 -0.35 -55.19 29.6 1.2228376834232744 148.96915242187717 -3 123 120 129
-0.956 0.535 -0.251 -58.28 28.43 1.1239048002388814 150.76760125190438 -3 122 121 129
-0.806 0.501 -0.229 -55.65 30.88 0.9762571382581539 148.1354081034577 -3 121 122 130
-0.617 0.51 -0.19 -48.59 38.31 0.8227326418709786 140.42353748952462 -3 121 124 130
-0.426 0.54 -0.153 -37.2 50.03 0.7046169171968553 128.26951606538435 -3 121 124 131
-0.231 0.582 -0.145 -21.06 64.89 0.6427363378555782 111.64848517106797 -3 121 124 132
-0.081 0.635 -0.137 -7.11 75.93 0.6546411230590391 97.26933790642447 -1 121 124 134
0.125 0.742 -0.065 9.53 79.25 0.7552575719580704 80.43753233221288 -3 121 124 135
0.199 0.814 -0.066 13.69 75.56 0.840567070494675 76.26225572179956 -3 121 123 136
0.23 0.898 -0.055 14.34 75.25 0.9286167131814935 75.63395715269108 -3 121 123 136
0.261 0.942 -0.042 15.47 74.32 0.9783910261240134 74.5135402411401 -3 122 123 136
0.299 0.956 -0.029 17.36 72.56 1.0020868225857478 72.63232619967954 -3 122 124 137
0.431 0.932 0.016 24.81 65.17 1.026957155873603 65.18199087879162 3 124 124 136
0.513 0.893 0.069 29.8 59.9 1.0321719817937318 60.124007308310574 3 124 124 136
0.531 0.898 0.114 30.4 58.83 1.049457478890879 59.403579450991025 3 123 123 136
0.641 0.934 0.153 34.11 54.79 1.1430861734794977 55.538366023516 3 123 122 135
0.737 1.038 0.168 35.03 53.94 1.2840704809316348 54.62451419236993 3 124 123 133
0.802 1.101 0.175 35.73 53.29 1.3733280744235878 53.92933084329248 3 126 124 131
0.904 1.152 0.192 37.74 51.26 1.4768832045899907 51.87793497895212 3 128 126 129
0.881 1.183 0.199 36.29 52.64 1.488371929324119 53.32432459162581 3 129 128 126
0.919 1.196 0.198 37.16 51.83 1.5212432415626371 52.4615173197498 3 131 130 123
0.918 1.199 0.193 37.09 51.96 1.5223580393586786 52.56095770205931 3 133 131 116
0.879 1.141 0.14 37.4 52.04 1.447108150761373 52.39017577866606 3 134 130 114
0.809 1.068 0.072 37.08 52.75 1.3417484861180207 52.85641210199935 3 134 130 113
0.664 0.967 0.041 34.45 55.47 1.173740175677735 55.52418007927854 3 134 128 113
0.291 0.646 -0.053 24.18 65.4 0.7104970091421919 65.75013133691463 -3 132 125 113
0.115 0.485 -0.093 13.11 73.04 0.5070493072670545 76.6607510966366 -3 131 125 113
-0.014 0.364 -0.223 -1.88 58.46 0.42710771475120884 92.20259816176582 -1 130 126 113
-0.164 0.256 -0.285 -23.18 37.9 0.4167217296950088 122.64464013491649 -1 129 129 113
