-0.209 0.974 -0.227 -11.8 72.42 1.0217073945117556 102.110825443558 -1 126 126 127
-0.207 0.974 -0.23 -11.69 72.38 1.021971134621717 101.99830639247772 -1 126 126 127
-0.206 0.972 -0.233 -11.65 72.26 1.0205434826600972 101.96587602456596 -1 126 126 127
-0.205 0.971 -0.235 -11.6 72.19 1.0198485181633594 101.92136619813026 -1 126 126 127
-0.203 0.968 -0.234 -11.52 72.25 1.016360664331319 101.84390504452716 -1 126 126 127
-0.204 0.963 -0.236 -11.63 72.05 1.012265281435652 101.96060373028787 -1 126 126 127
-0.205 0.962 -0.236 -11.69 72 1.0115161886989252 102.02966213433096 -1 126 126 127
-0.206 0.959 -0.233 -11.79 72.03 1.0081696285843964 102.12331521026319 -1 126 126 127
-0.206 0.959 -0.232 -11.79 72.07 1.0079389862486716 102.12331521026319 -1 126 126 127
-0.211 0.96 -0.229 -12.07 72.03 1.0092383266602591 102.39603247013662 -1 126 126 127
-0.211 0.961 -0.228 -12.06 72.09 1.0099633656722407 102.38353154282503 -1 126 126 127
-0.211 0.961 -0.228 -12.06 72.09 1.0099633656722407 102.38353154282503 -1 126 126 127
-0.211 0.967 -0.225 -12 72.31 1.0150049260964205 102.30904415311555 -1 126 126 127
-0.211 0.968 -0.226 -11.98 72.29 1.0161796101083707 102.29671528012479 -1 126 126 127
-0.208 0.968 -0.227 -11.82 72.36 1.01578393371819 102.1270910349301 -1 126 126 127
-0.206 0.967 -0.226 -11.72 72.45 1.0141996844803296 102.0259503672435 -1 126 126 127
-0.205 0.968 -0.227 -11.65 72.46 1.015173876732454 101.95725070563037 -1 126 126 127
-0.203 0.966 -0.227 -11.56 72.5 1.0128642554656573 101.86773189756609 -1 126 126 127
-0.202 0.966 -0.227 -11.51 72.54 1.0126643076557997 101.8109161884045 -1 126 126 127
-0.204 0.967 -0.228 -11.6 72.44 1.0142430675138974 101.91254496492625 -1 126 126 127
-0.204 0.966 -0.228 -11.61 72.43 1.013289692042705 101.92452393761191 -1 126 126 127
-0.205 0.969 -0.23 -11.63 72.36 1.0168018489361632 101.9452655720777 -1 126 126 127
-0.206 0.972 -0.229 -11.66 72.42 1.019637680747431 101.96587602456596 -1 126 126 127
-0.204 0.971 -0.229 -11.56 72.47 1.0182818863163579 101.86486534771221 -1 126 126 127
-0.203 0.971 -0.228 -11.5 72.55 1.0178575538846288 101.80834107614938 -1 126 126 127
-0.202 0.967 -0.227 -11.5 72.56 1.0136182713428168 101.79904477734765 -1 126 126 127
-0.204 0.962 -0.228 -11.66 72.36 1.0094770923601981 101.97267818608293 -1 126 126 127
-0.203 0.959 -0.23 -11.63 72.26 1.0068713919860866 101.95187513002477 -1 126 126 127
-0.204 0.961 -0.229 -11.67 72.3 1.0087507125152377 101.98477668835388 -1 126 126 126
-0.206 0.963 -0.231 -11.75 72.18 1.0115166830062665 102.07443942555415 -1 126 126 126
-0.208 0.966 -0.231 -11.83 72.16 1.0147812572175345 102.15145347589306 -1 126 126 127
-0.211 0.968 -0.226 -11.98 72.29 1.0161796101083707 102.29671528012479 -1 126 126 127
-0.213 0.968 -0.225 -12.1 72.25 1.016374930820315 102.40967680063976 -1 126 126 127
-0.216 0.968 -0.226 -12.26 72.1 1.0172295709425676 102.57893523749307 -1 126 126 127
-0.214 0.969 -0.226 -12.14 72.19 1.0177588122929715 102.45365753318872 -1 126 126 127
-0.216 0.971 -0.225 -12.23 72.19 1.0198637163856747 102.5413026995789 -1 126 126 127
-0.209 0.968 -0.23 -11.86 72.2 1.0166636611977433 102.1836565859874 -1 126 126 126
-0.207 0.963 -0.231 -11.81 72.15 1.0117208112913363 102.13132106663251 -1 126 126 126
-0.209 0.962 -0.229 -11.93 72.14 1.0107254820177434 102.25735551816565 -1 126 126 126
-0.205 0.96 -0.229 -11.73 72.25 1.0080009920630038 102.05399167690894 -1 126 126 126
-0.212 0.962 -0.226 -12.11 72.15 1.01067502195315 102.42786832093348 -1 126 126 126
-0.218 0.973 -0.221 -12.32 72.31 1.0213197344612508 102.62852831684879 -1 126 126 126
-0.23 0.977 -0.22 -12.93 71.96 1.0275354008500144 103.2470571710791 -3 126 126 126
-0.254 0.983 -0.215 -14.17 71.3 1.0378005588743917 104.48792085832015 -3 126 126 127
-0.286 0.994 -0.212 -15.72 70.29 1.0558295316953397 106.05192179586605 -3 126 126 127
-0.33 1.005 -0.208 -17.82 68.79 1.0780487001986505 108.1780187984185 -3 126 126 127
-0.38 1.01 -0.207 -20.23 66.81 1.0987943392646324 110.6181881231045 -3 126 126 127
-0.508 1.015 -0.214 -26.09 61.49 1.1550259737339241 116.58762634514265 -3 126 125 127
-0.577 1 -0.222 -29.39 58.27 1.1756755504815093 119.98494600739785 -3 125 125 128
-0.624 0.968 -0.248 -31.98 55.25 1.1780933749070996 122.80696552449304 -3 125 125 129
-0.629 0.935 -0.289 -32.73 53.49 1.1633516235429424 123.92979742206063 -3 124 125 130
-0.529 0.855 -0.303 -30.25 54.51 1.0500833300267174 121.74563606619213 -3 124 124 131
-0.412 0.805 -0.303 -25.59 57.57 0.9537179876672139 117.10342297327094 -3 123 123 131
-0.265 0.771 -0.269 -17.98 63.91 0.8585027664486586 108.96833089619135 -1 122 122 132
-0.157 0.755 -0.217 -11.3 70.47 0.801101117213052 101.74707388635747 -1 122 121 132
-0.068 0.773 -0.196 -4.87 74.98 0.8003555459919048 95.02730833537747 -1 121 120 132
0.089 0.888 -0.137 5.66 79.58 0.9029030955755994 84.27663045965424 1 121 121 133
0.089 0.888 -0.137 5.66 79.58 0.9029030955755994 84.27663045965424 1 121 121 133
0.23 0.938 -0.114 13.68 74.69 0.9724916452083276 76.22275126005093 -3 122 121 132
0.332 0.944 -0.075 19.32 70.17 1.003486422429322 70.62348596565866 -3 122 121 132
0.425 0.955 -0.048 23.96 65.87 1.0464004969417782 66.00968403415997 -3 122 121 131
-0.209 0.974 -0.227 -11.8 72.42 1.0217073945117556 102.110825443558 -1 126 126 127
-0.207 0.974 -0.23 -11.69 72.38 1.021971134621717 101.99830639247772 -1 126 126 127
-0.206 0.972 -0.233 -11.65 72.26 1.0205434826600972 101.96587602456596 -1 126 126 127
-0.205 0.971 -0.235 -11.6 72.19 1.0198485181633594 101.92136619813026 -1 126 126 127
-0.203 0.968 -0.234 -11.52 72.25 1.016360664331319 101.84390504452716 -1 126 126 127
-0.204 0.963 -0.236 -11.63 72.05 1.012265281435652 101.96060373028787 -1 126 126 127
-0.205 0.962 -0.236 -11.69 72 1.0115161886989252 102.02966213433096 -1 126 126 127
-0.206 0.959 -0.233 -11.79 72.03 1.0081696285843964 102.12331521026319 -1 126 126 127
-0.206 0.959 -0.232 -11.79 72.07 1.0079389862486716 102.12331521026319 -1 126 126 127
-0.211 0.96 -0.229 -12.07 72.03 1.0092383266602591 102.39603247013662 -1 126 126 127
-0.211 0.961 -0.228 -12.06 72.09 1.0099633656722407 102.38353154282503 -1 126 126 127
-0.211 0.961 -0.228 -12.06 72.09 1.0099633656722407 102.38353154282503 -1 126 126 127
-0.211 0.967 -0.225 -12 72.31 1.0150049260964205 102.30904415311555 -1 126 126 127
-0.211 0.968 -0.226 -11.98 72.29 1.0161796101083707 102.29671528012479 -1 126 126 127
-0.208 0.968 -0.227 -11.82 72.36 1.01578393371819 102.1270910349301 -1 126 126 127
-0.206 0.967 -0.226 -11.72 72.45 1.0141996844803296 102.0259503672435 -1 126 126 127
-0.205 0.968 -0.227 -11.65 72.46 1.015173876732454 101.95725070563037 -1 126 126 127
-0.203 0.966 -0.227 -11.56 72.5 1.0128642554656573 101.86773189756609 -1 126 126 127
-0.202 0.966 -0.227 -11.51 72.54 1.0126643076557997 101.8109161884045 -1 126 126 127
-0.204 0.967 -0.228 -11.6 72.44 1.0142430675138974 101.91254496492625 -1 126 126 127
-0.204 0.966 -0.228 -11.61 72.43 1.013289692042705 101.92452393761191 -1 126 126 127
-0.205 0.969 -0.23 -11.63 72.36 1.0168018489361632 101.9452655720777 -1 126 126 127
-0.206 0.972 -0.229 -11.66 72.42 1.019637680747431 101.96587602456596 -1 126 126 127
-0.204 0.971 -0.229 -11.56 72.47 1.0182818863163579 101.86486534771221 -1 126 126 127
-0.203 0.971 -0.228 -11.5 72.55 1.0178575538846288 101.80834107614938 -1 126 126 127
-0.202 0.967 -0.227 -11.5 72.56 1.0136182713428168 101.79904477734765 -1 126 126 127
-0.204 0.962 -0.228 -11.66 72.36 1.0094770923601981 101.97267818608293 -1 126 126 127
-0.203 0.959 -0.23 -11.63 72.26 1.0068713919860866 101.95187513002477 -1 126 126 127
-0.204 0.961 -0.229 -11.67 72.3 1.0087507125152377 101.98477668835388 -1 126 126 126
-0.206 0.963 -0.231 -11.75 72.18 1.0115166830062665 102.07443942555415 -1 126 126 126
-0.208 0.966 -0.231 -11.83 72.16 1.0147812572175345 102.15145347589306 -1 126 126 127
-0.211 0.968 -0.226 -11.98 72.29 1.0161796101083707 102.29671528012479 -1 126 126 127
-0.213 0.968 -0.225 -12.1 72.25 1.016374930820315 102.40967680063976 -1 126 126 127
-0.216 0.968 -0.226 -12.26 72.1 1.0172295709425676 102.57893523749307 -1 126 126 127
-0.214 0.969 -0.226 -12.14 72.19 1.0177588122929715 102.45365753318872 -1 126 126 127
-0.216 0.971 -0.225 -12.23 72.19 1.0198637163856747 102.5413026995789 -1 126 126 127
-0.209 0.968 -0.23 -11.86 72.2 1.0166636611977433 102.1836565859874 -1 126 126 126
-0.207 0.963 -0.231 -11.81 72.15 1.0117208112913363 102.13132106663251 -1 126 126 126
-0.209 0.962 -0.229 -11.93 72.14 1.0107254820177434 102.25735551816565 -1 126 126 126
-0.205 0.96 -0.229 -11.73 72.25 1.0080009920630038 102.05399167690894 -1 126 126 126
-0.212 0.962 -0.226 -12.11 72.15 1.01067502195315 102.42786832093348 -1 126 126 126
-0.218 0.973 -0.221 -12.32 72.31 1.0213197344612508 102.62852831684879 -1 126 126 126
-0.23 0.977 -0.22 -12.93 71.96 1.0275354008500144 103.2470571710791 -3 126 126 126
-0.254 0.983 -0.215 -14.17 71.3 1.0378005588743917 104.48792085832015 -3 126 126 127
-0.286 0.994 -0.212 -15.72 70.29 1.0558295316953397 106.05192179586605 -3 126 126 127
-0.33 1.005 -0.208 -17.82 68.79 1.0780487001986505 108.1780187984185 -3 126 126 127
-0.38 1.01 -0.207 -20.23 66.81 1.0987943392646324 110.6181881231045 -3 126 126 127
-0.508 1.015 -0.214 -26.09 61.49 1.1550259737339241 116.58762634514265 -3 126 125 127
-0.577 1 -0.222 -29.39 58.27 1.1756755504815093 119.98494600739785 -3 125 125 128
-0.624 0.968 -0.248 -31.98 55.25 1.1780933749070996 122.80696552449304 -3 125 125 129
-0.629 0.935 -0.289 -32.73 53.49 1.1633516235429424 123.92979742206063 -3 124 125 130
-0.529 0.855 -0.303 -30.25 54.51 1.0500833300267174 121.74563606619213 -3 124 124 131
-0.412 0.805 -0.303 -25.59 57.57 0.9537179876672139 117.10342297327094 -3 123 123 131
-0.265 0.771 -0.269 -17.98 63.91 0.8585027664486586 108.96833089619135 -1 122 122 132
-0.157 0.755 -0.217 -11.3 70.47 0.801101117213052 101.74707388635747 -1 122 121 132
-0.068 0.773 -0.196 -4.87 74.98 0.8003555459919048 95.02730833537747 -1 121 120 132
0.089 0.888 -0.137 5.66 79.58 0.9029030955755994 84.27663045965424 1 121 121 133
0.089 0.888 -0.137 5.66 79.58 0.9029030955755994 84.27663045965424 1 121 121 133
0.23 0.938 -0.114 13.68 74.69 0.9724916452083276 76.22275126005093 -3 122 121 132
0.332 0.944 -0.075 19.32 70.17 1.003486422429322 70.62348596565866 -3 122 121 132
0.425 0.955 -0.048 23.96 65.87 1.0464004969417782 66.00968403415997 -3 122 121 131
0.421 0.979 0.008 23.27 66.73 1.0657138452699204 66.73081344086329 3 123 122 131
0.502 1.04 0.087 25.69 63.9 1.1580902382802472 64.23375378791566 3 125 123 130
0.535 1.07 0.098 26.47 63.05 1.2003037115663686 63.43494882292201 3 126 124 130
0.547 1.107 0.142 26.11 62.96 1.2429086853023437 63.7047205105306 3 127 125 129
0.629 1.105 0.14 29.45 59.75 1.2791661346361543 60.35013649242442 3 127 126 128
0.68 1.112 0.163 31.18 57.84 1.3135878349010395 58.55376409773166 3 128 127 127
0.682 1.098 0.167 31.55 57.4 1.3033100168417338 58.15437170869209 3 128 127 127
0.69 0.985 0.146 34.72 54.4 1.2114623394889334 54.988464890917676 3 129 129 125
0.675 0.936 0.128 35.55 53.72 1.1610792393286515 54.20259697202166 3 129 129 125
0.634 0.905 0.102 34.84 54.64 1.1096778811889512 54.986740263745396 3 129 129 124
0.601 0.889 0.067 33.99 55.78 1.0751795198942362 55.93971418687294 3 129 129 123
0.54 0.879 -0.004 31.56 58.44 1.0316283245432922 58.4361599891652 -3 129 129 122
0.482 0.865 -0.004 29.13 60.87 0.9902348206359944 60.87233609415757 -3 128 128 122
0.43 0.859 -0.023 26.58 63.38 0.9608902122511187 63.40827481204039 -3 128 126 122
0.359 0.852 -0.041 22.82 67.02 0.9254544829433806 67.15131545004711 -3 127 125 121
0.266 0.853 -0.036 17.31 72.53 0.8942376641586955 72.68040332164738 -3 127 125 121
0.07 0.871 -0.085 4.57 82.79 0.8779327992506033 85.40516310168964 1 125 125 120
-0.04 0.879 -0.097 -2.59 83.19 0.8852400804301621 92.60551894620207 -1 125 125 119
-0.169 0.876 -0.09 -10.86 77.67 0.8966811027338538 100.91948585484742 -3 125 126 119
-0.312 0.847 -0.072 -20.15 69.29 0.905503727214858 110.22172457427385 -3 124 127 119
-0.49 0.791 -0.035 -31.75 58.16 0.9311315696506053 121.77693234729867 -3 124 128 119
-0.614 0.761 -0.034 -38.87 51.06 0.9784032910819547 128.89773856941824 -3 124 130 120
-0.727 0.735 -0.002 -44.69 45.31 1.0338075256061932 134.68648313177863 -3 125 132 122
