-0.244 0.999 -0.005 -13.73 76.27 1.0283783350498978 103.72544393883312 -3 127 127 127
-0.244 0.994 -0.015 -13.79 76.18 1.0236195582344059 103.79185536916258 -3 126 127 127
-0.243 0.989 -0.029 -13.8 76.1 1.0188282485286715 103.80427801662829 -3 126 127 127
-0.235 0.987 -0.045 -13.38 76.37 1.015588007018594 103.39249775375112 -3 126 127 127
-0.214 0.967 -0.056 -12.46 77.12 0.991978326376136 102.47860881321222 -3 126 127 127
-0.212 0.968 -0.056 -12.33 77.24 0.9925240551241062 102.35320823417413 -3 126 127 127
-0.212 0.97 -0.055 -12.31 77.28 0.9944189258054172 102.32851740152203 -3 127 126 127
-0.214 0.973 -0.051 -12.39 77.26 0.9975600232567462 102.40404845175294 -3 127 126 127
-0.215 0.974 -0.054 -12.43 77.18 0.9989079036627951 102.44781111960202 -3 127 126 127
-0.216 0.976 -0.064 -12.45 77 1.001662617850941 102.47907180192765 -3 126 126 127
-0.214 0.979 -0.073 -12.3 77 1.0047716158411322 102.33036008356139 -3 126 126 127
-0.212 0.981 -0.072 -12.16 77.14 1.0062251239161144 102.1944364815143 -3 126 126 127
-0.206 0.985 -0.08 -11.77 77.35 1.009485512526059 101.81241619572184 -3 127 127 127
-0.208 0.982 -0.076 -11.92 77.29 1.0066598233762982 101.95921206801547 -3 127 127 127
-0.209 0.98 -0.073 -12.01 77.27 1.0046939832605746 102.03884708477817 -3 127 127 127
-0.212 0.98 -0.079 -12.17 77 1.0057758199519413 102.20650685355858 -3 126 127 127
-0.22 0.975 -0.077 -12.68 76.56 1.002473939810906 102.71533698889478 -3 127 126 127
-0.219 0.974 -0.076 -12.63 76.61 1.0012057730556692 102.67198460895314 -3 127 126 127
-0.215 0.975 -0.077 -12.4 76.82 1.0013885359839105 102.43544150252765 -3 127 126 127
-0.211 0.974 -0.075 -12.19 77.05 0.9994108264372564 102.22324974438253 -3 126 126 127
-0.21 0.977 -0.074 -12.1 77.16 1.0020503979341557 102.13079719076723 -3 126 126 127
-0.21 0.981 -0.073 -12.05 77.23 1.0058777261675496 102.08279054011153 -3 126 126 127
-0.21 0.978 -0.07 -12.09 77.25 1.0027382509907559 102.1187603347252 -3 126 126 127
-0.21 0.98 -0.073 -12.06 77.22 1.0049024828310456 102.0947570770121 -3 127 126 127
-0.21 0.975 -0.064 -12.13 77.31 0.9994103261423708 102.15494169722223 -3 127 127 127
-0.203 0.971 -0.068 -11.78 77.57 0.9943208737625897 101.80834107614938 -3 126 127 127
-0.205 0.978 -0.075 -11.8 77.42 1.0020648681597413 101.83845558614583 -3 126 127 127
-0.208 0.978 -0.074 -11.97 77.28 1.0026085976092565 102.00670830940747 -3 126 127 127
-0.206 0.989 -0.086 -11.72 77.28 1.0138801704343567 101.76597544661801 -3 126 127 127
-0.211 1.002 -0.085 -11.85 77.21 1.0274969586329683 101.89153983117133 -3 126 126 127
-0.2 1.013 -0.077 -11.14 78.05 1.0354216532408427 101.16846170099203 -3 126 126 127
-0.191 1.02 -0.081 -10.57 78.5 1.0408852002022124 100.60608852579884 -3 126 125 126
-0.213 1.002 -0.064 -11.98 77.49 1.0263863794887382 102.00100256136399 -3 126 125 126
-0.217 0.98 -0.064 -12.46 77 1.0057758199519415 102.48546749085716 -3 126 125 126
-0.228 0.955 -0.059 -13.4 76.15 0.983610695346487 103.4276402420864 -3 126 126 126
-0.24 0.942 -0.04 -14.28 75.52 0.9729152069939085 104.2935581130474 -3 126 126 126
-0.214 0.943 -0.047 -12.77 76.92 0.9681187943635843 102.78588183156712 -3 126 127 126
-0.203 0.948 -0.061 -12.06 77.4 0.9714082560900952 102.0865017958196 -3 126 127 126
-0.193 0.964 -0.065 -11.3 78.07 0.9852766109068052 101.3213619132289 -3 126 127 126
-0.196 0.99 -0.086 -11.16 77.8 1.0128731411188667 101.19859219537227 -3 127 127 127
-0.208 0.995 -0.08 -11.77 77.38 1.019651411022414 101.8073751318853 -3 127 127 127
-0.213 0.994 -0.074 -12.06 77.22 1.0192551201735511 102.0947570770121 -3 127 127 127
-0.23 0.988 -0.074 -13.07 76.26 1.0171135629810468 103.104686869849 -3 127 127 126
-0.246 0.987 -0.071 -13.96 75.46 1.0196695543164953 103.9952593693993 -3 127 127 126
-0.258 0.992 -0.082 -14.53 74.74 1.0282762274797566 104.57854416415304 -3 126 127 126
-0.303 1.017 -0.085 -16.54 72.81 1.0645764415954355 106.59064147843833 -3 126 127 126
-0.373 1.029 -0.108 -19.82 69.32 1.0998336237813424 109.92496548076278 -3 127 126 125
-0.324 1.008 -0.091 -17.75 71.54 1.0626951585473607 107.81888891452279 -3 127 126 126
-0.305 0.998 -0.086 -16.93 72.38 1.0471031467816339 106.99374036957514 -3 127 126 126
-0.271 0.965 -0.1 -15.61 73.34 1.0073063089249465 105.68628286350437 -3 127 125 127
-0.17 0.922 -0.093 -10.4 78.13 0.9421427704971259 100.44696507324967 -3 127 125 128
-0.161 0.925 -0.08 -9.84 79 0.9423088665612778 99.87364887645113 -3 126 125 128
-0.23 0.947 -0.118 -13.55 74.73 0.9816481039557912 103.65123531395228 -3 126 125 127
-0.221 0.962 -0.136 -12.81 74.9 0.9963839621350797 102.93805631718647 -3 126 125 126
-0.179 0.982 -0.146 -10.22 76.76 1.0088017644710976 100.33051661916005 -3 127 126 127
-0.191 0.975 -0.161 -10.94 75.63 1.0064924242139133 101.08373633565206 -3 127 126 127
-0.189 0.961 -0.145 -11 76.08 0.9900843398418137 101.12636632752609 -3 127 127 128
-0.22 0.934 -0.135 -13.12 74.55 0.9690103198624874 103.25419595729844 -3 127 127 128
-0.294 0.925 -0.117 -17.5 71.12 0.9776246723564213 107.63222568174979 -3 127 127 127
-0.288 0.927 -0.121 -17.12 71.38 0.9782198116987818 107.25895429290408 -3 126 127 126
-0.285 0.945 -0.12 -16.66 71.88 0.9943088051505931 106.78264414527071 -3 126 127 125
-0.293 0.956 -0.084 -16.98 72.32 1.0034146700143465 107.0395351202141 -3 125 127 125
-0.309 0.961 -0.09 -17.75 71.48 1.0134604086988301 107.82467851127426 -3 124 127 125
-0.309 0.935 -0.022 -18.28 71.67 0.9849822333423076 108.28775382365879 -3 123 126 125
-0.365 0.937 0.082 -21.21 68.24 1.0089192237240798 111.28295767268844 3 120 126 123
-0.354 0.917 0.13 -20.92 67.65 0.9915165152431905 111.10865467826953 3 117 125 122
-0.303 0.891 0.093 -18.69 70.42 0.9456949825392963 108.7814916506126 3 115 125 121
-0.306 0.915 0.102 -18.39 70.58 0.9701881260868945 108.49128683771815 3 114 124 121
-0.323 0.85 0.082 -20.72 68.59 0.9129912376359369 110.80679101271124 3 116 124 123
-0.355 0.826 0.08 -23.16 66.22 0.9026078882881535 113.25716657861972 3 119 125 124
-0.397 0.83 0.158 -25.17 62.76 0.9335271822502009 115.56240775951528 3 122 126 125
-0.5 0.846 0.343 -28.71 54.37 1.0408482117965134 120.58379009161868 3 126 126 127
-0.509 0.792 0.312 -30.88 52.99 0.9918109698929529 122.72791300652563 3 130 126 128
-0.677 1.053 0.336 -31.49 54.33 1.29616125539996 122.73797624952391 3 135 125 133
-0.693 1.122 0.299 -30.83 56.07 1.3522329680938858 121.70142966950573 3 137 125 135
-0.572 1.117 0.151 -26.91 62.09 1.2639912974383962 117.11634779349508 3 136 126 134
-0.514 1.22 0.117 -22.75 66.63 1.329016553696755 112.8462503479139 3 135 126 135
-0.298 1.061 0.017 -15.69 74.29 1.1021860097097949 105.68830575765023 3 133 127 132
-0.32 1.068 0.065 -16.65 73 1.1168030265001971 106.67955496345833 3 133 127 132
-0.287 1.043 0.045 -15.37 74.44 1.0827017133079635 105.38518835365359 3 132 128 130
-0.296 1.037 -0.005 -15.93 74.07 1.0784294135454575 105.93080010974374 -3 129 129 128
-0.267 1.032 -0.05 -14.49 75.25 1.0671518167533616 104.50554993744039 -3 128 129 127
-0.243 1.036 -0.099 -13.14 75.79 1.0687123092769166 103.20044000708472 -3 128 130 126
-0.216 1.029 -0.109 -11.79 76.77 1.0570610199983725 101.85497940749616 -3 127 130 126
-0.203 0.98 -0.114 -11.63 76.64 1.007276029695932 101.70290148022137 -3 126 130 127
-0.19 0.974 -0.107 -10.97 77.38 0.9981107153016643 101.0381758738892 -3 126 129 127
-0.186 0.968 -0.103 -10.82 77.61 0.9910746692353709 100.87674541942779 -3 126 128 127
-0.166 0.946 -0.114 -9.88 77.98 0.9671959470551973 99.95268835465984 -3 126 127 127
-0.166 0.938 -0.093 -9.99 78.53 0.9571044875038461 100.03585417506956 -3 126 126 127
-0.172 0.941 -0.099 -10.3 78.09 0.9616995372776259 100.35841894451735 -3 126 126 127
-0.182 0.935 -0.101 -10.95 77.45 0.9578883024653763 101.01502165701727 -3 126 126 127
-0.195 0.939 -0.089 -11.68 77.14 0.963154712390486 101.73173427351668 -3 126 126 127
-0.201 0.963 -0.087 -11.74 77.19 0.9875925273107325 101.7896706126476 -3 126 126 126
-0.197 0.971 -0.086 -11.43 77.52 0.9945079185205112 101.46870897043003 -3 126 126 126
-0.197 0.985 -0.069 -11.28 78.04 1.0068738749217798 101.30993247402021 -3 126 126 127
-0.2 0.999 -0.082 -11.28 77.79 1.022117899266029 101.32096149785187 -3 126 126 127
-0.204 1.004 -0.087 -11.44 77.54 1.0282028010076611 101.48541670175862 -3 126 126 127
-0.208 1.007 -0.104 -11.61 77 1.0335032655971628 101.670553446086 -3 126 126 127
-0.212 1.014 -0.111 -11.74 76.72 1.041854596380896 101.80889862876569 -3 126 127 127
-0.233 1.041 -0.143 -12.5 75.29 1.0762987503476904 102.61619317191821 -3 127 126 126
-0.212 1.038 -0.174 -11.39 75.2 1.0736219073770803 101.5432720113251 -3 127 126 126
-0.213 1.036 -0.177 -11.46 75.03 1.0723777319582872 101.61802844859419 -3 127 126 127
-0.216 1.023 -0.167 -11.77 75.06 1.0588078201449023 101.92252579363416 -3 127 126 127
-0.196 0.99 -0.152 -11.07 75.93 1.0205978639993325 101.19859219537227 -3 127 126 127
-0.202 0.995 -0.166 -11.32 75.28 1.028778401795061 101.47594257401782 -3 127 126 127
-0.22 1.002 -0.155 -12.24 74.97 1.0375109637974915 102.38341801187215 -3 128 126 127
-0.215 0.99 -0.175 -12.07 74.36 1.0280807361292206 102.2527595155474 -3 128 126 127
-0.237 1.02 -0.243 -12.74 71.59 1.0749967441811161 103.08073879203226 -1 128 126 128
-0.228 1.013 -0.279 -12.24 70.42 1.075171614208634 102.68442105966383 -1 128 126 128
-0.234 1.009 -0.321 -12.46 68.51 1.0843790850067148 103.05680916149167 -1 128 126 128
-0.232 1.017 -0.374 -12.08 66.6 1.1081466509447202 102.85052337701563 -1 128 126 128
-0.216 1.015 -0.459 -10.97 63.44 1.1347078919263758 102.0137764222416 -1 128 126 128
-0.198 0.993 -0.547 -9.91 59.64 1.1508527273287403 101.27664033394767 -1 128 126 129
-0.188 0.974 -0.624 -9.23 56.21 1.1719197924772837 100.92479464031834 -1 128 125 129
-0.148 0.963 -0.698 -7.09 53.46 1.1985311844086495 98.7372202759695 -1 128 125 128
-0.074 0.862 -0.708 -3.8 50.45 1.1179373864398667 94.90663335654932 -1 127 124 128
-0.035 0.826 -0.626 -1.93 52.8 1.0370038572734432 92.42633583160237 -1 126 124 128
-0.034 0.867 -0.515 -1.93 59.23 1.0089945490437497 92.24574256589509 -1 125 123 128
-0.053 0.911 -0.362 -3.09 68.12 0.9817199193252625 93.32959079753246 -1 124 123 127
-0.06 0.947 -0.21 -3.54 77.01 0.9718585287993309 93.62529867636107 -1 124 123 127
-0.062 0.977 -0.003 -3.63 86.36 0.9789698667476951 93.63109647713792 -3 124 123 127
0.016 0.923 0.391 0.91 67.02 1.002529800055839 89.00688985438946 1 123 123 128
0.044 0.957 0.539 2.29 60.53 1.0992297303111849 87.36756513101352 1 122 124 128
0.059 1.015 0.675 2.77 56.27 1.220381497729296 86.67324993169937 1 122 124 128
0.102 1.081 0.737 4.46 55.46 1.3123010325378852 84.60969701501219 1 123 124 128
0.125 1.158 0.776 5.12 55.83 1.3995588590695283 83.83907767231005 1 124 125 128
-0.244 0.999 -0.005 -13.73 76.27 1.0283783350498978 103.72544393883312 -3 127 127 127
-0.244 0.994 -0.015 -13.79 76.18 1.0236195582344059 103.79185536916258 -3 126 127 127
-0.243 0.989 -0.029 -13.8 76.1 1.0188282485286715 103.80427801662829 -3 126 127 127
-0.235 0.987 -0.045 -13.38 76.37 1.015588007018594 103.39249775375112 -3 126 127 127
-0.214 0.967 -0.056 -12.46 77.12 0.991978326376136 102.47860881321222 -3 126 127 127
-0.212 0.968 -0.056 -12.33 77.24 0.9925240551241062 102.35320823417413 -3 126 127 127
-0.212 0.97 -0.055 -12.31 77.28 0.9944189258054172 102.32851740152203 -3 127 126 127
-0.214 0.973 -0.051 -12.39 77.26 0.9975600232567462 102.40404845175294 -3 127 126 127
-0.215 0.974 -0.054 -12.43 77.18 0.9989079036627951 102.44781111960202 -3 127 126 127
-0.216 0.976 -0.064 -12.45 77 1.001662617850941 102.47907180192765 -3 126 126 127
-0.214 0.979 -0.073 -12.3 77 1.0047716158411322 102.33036008356139 -3 126 126 127
-0.212 0.981 -0.072 -12.16 77.14 1.0062251239161144 102.1944364815143 -3 126 126 127
-0.206 0.985 -0.08 -11.77 77.35 1.009485512526059 101.81241619572184 -3 127 127 127
-0.208 0.982 -0.076 -11.92 77.29 1.0066598233762982 101.95921206801547 -3 127 127 127
-0.209 0.98 -0.073 -12.01 77.27 1.0046939832605746 102.03884708477817 -3 127 127 127
-0.212 0.98 -0.079 -12.17 77 1.0057758199519413 102.20650685355858 -3 126 127 127
-0.22 0.975 -0.077 -12.68 76.56 1.002473939810906 102.71533698889478 -3 127 126 127
-0.219 0.974 -0.076 -12.63 76.61 1.0012057730556692 102.67198460895314 -3 127 126 127
-0.215 0.975 -0.077 -12.4 76.82 1.0013885359839105 102.43544150252765 -3 127 126 127
-0.211 0.974 -0.075 -12.19 77.05 0.9994108264372564 102.22324974438253 -3 126 126 127
-0.21 0.977 -0.074 -12.1 77.16 1.0020503979341557 102.13079719076723 -3 126 126 127
-0.21 0.981 -0.073 -12.05 77.23 1.0058777261675496 102.08279054011153 -3 126 126 127
-0.21 0.978 -0.07 -12.09 77.25 1.0027382509907559 102.1187603347252 -3 126 126 127
-0.21 0.98 -0.073 -12.06 77.22 1.0049024828310456 102.0947570770121 -3 127 126 127
-0.21 0.975 -0.064 -12.13 77.31 0.9994103261423708 102.15494169722223 -3 127 127 127
-0.203 0.971 -0.068 -11.78 77.57 0.9943208737625897 101.80834107614938 -3 126 127 127
-0.205 0.978 -0.075 -11.8 77.42 1.0020648681597413 101.83845558614583 -3 126 127 127
-0.208 0.978 -0.074 -11.97 77.28 1.0026085976092565 102.00670830940747 -3 126 127 127
-0.206 0.989 -0.086 -11.72 77.28 1.0138801704343567 101.76597544661801 -3 126 127 127
-0.211 1.002 -0.085 -11.85 77.21 1.0274969586329683 101.89153983117133 -3 126 126 127
-0.2 1.013 -0.077 -11.14 78.05 1.0354216532408427 101.16846170099203 -3 126 126 127
-0.191 1.02 -0.081 -10.57 78.5 1.0408852002022124 100.60608852579884 -3 126 125 126
-0.213 1.002 -0.064 -11.98 77.49 1.0263863794887382 102.00100256136399 -3 126 125 126
-0.217 0.98 -0.064 -12.46 77 1.0057758199519415 102.48546749085716 -3 126 125 126
-0.228 0.955 -0.059 -13.4 76.15 0.983610695346487 103.4276402420864 -3 126 126 126
-0.24 0.942 -0.04 -14.28 75.52 0.9729152069939085 104.2935581130474 -3 126 126 126
-0.214 0.943 -0.047 -12.77 76.92 0.9681187943635843 102.78588183156712 -3 126 127 126
-0.203 0.948 -0.061 -12.06 77.4 0.9714082560900952 102.0865017958196 -3 126 127 126
-0.193 0.964 -0.065 -11.3 78.07 0.9852766109068052 101.3213619132289 -3 126 127 126
-0.196 0.99 -0.086 -11.16 77.8 1.0128731411188667 101.19859219537227 -3 127 127 127
-0.208 0.995 -0.08 -11.77 77.38 1.019651411022414 101.8073751318853 -3 127 127 127
-0.213 0.994 -0.074 -12.06 77.22 1.0192551201735511 102.0947570770121 -3 127 127 127
-0.23 0.988 -0.074 -13.07 76.26 1.0171135629810468 103.104686869849 -3 127 127 126
-0.246 0.987 -0.071 -13.96 75.46 1.0196695543164953 103.9952593693993 -3 127 127 126
-0.258 0.992 -0.082 -14.53 74.74 1.0282762274797566 104.57854416415304 -3 126 127 126
-0.303 1.017 -0.085 -16.54 72.81 1.0645764415954355 106.59064147843833 -3 126 127 126
-0.373 1.029 -0.108 -19.82 69.32 1.0998336237813424 109.92496548076278 -3 127 126 125
-0.324 1.008 -0.091 -17.75 71.54 1.0626951585473607 107.81888891452279 -3 127 126 126
-0.305 0.998 -0.086 -16.93 72.38 1.0471031467816339 106.99374036957514 -3 127 126 126
-0.271 0.965 -0.1 -15.61 73.34 1.0073063089249465 105.68628286350437 -3 127 125 127
-0.17 0.922 -0.093 -10.4 78.13 0.9421427704971259 100.44696507324967 -3 127 125 128
-0.161 0.925 -0.08 -9.84 79 0.9423088665612778 99.87364887645113 -3 126 125 128
-0.23 0.947 -0.118 -13.55 74.73 0.9816481039557912 103.65123531395228 -3 126 125 127
-0.221 0.962 -0.136 -12.81 74.9 0.9963839621350797 102.93805631718647 -3 126 125 126
-0.179 0.982 -0.146 -10.22 76.76 1.0088017644710976 100.33051661916005 -3 127 126 127
-0.191 0.975 -0.161 -10.94 75.63 1.0064924242139133 101.08373633565206 -3 127 126 127
-0.189 0.961 -0.145 -11 76.08 0.9900843398418137 101.12636632752609 -3 127 127 128
-0.22 0.934 -0.135 -13.12 74.55 0.9690103198624874 103.25419595729844 -3 127 127 128
-0.294 0.925 -0.117 -17.5 71.12 0.9776246723564213 107.63222568174979 -3 127 127 127
-0.288 0.927 -0.121 -17.12 71.38 0.9782198116987818 107.25895429290408 -3 126 127 126
-0.285 0.945 -0.12 -16.66 71.88 0.9943088051505931 106.78264414527071 -3 126 127 125
-0.293 0.956 -0.084 -16.98 72.32 1.0034146700143465 107.0395351202141 -3 125 127 125
-0.309 0.961 -0.09 -17.75 71.48 1.0134604086988301 107.82467851127426 -3 124 127 125
-0.309 0.935 -0.022 -18.28 71.67 0.9849822333423076 108.28775382365879 -3 123 126 125
-0.365 0.937 0.082 -21.21 68.24 1.0089192237240798 111.28295767268844 3 120 126 123
-0.354 0.917 0.13 -20.92 67.65 0.9915165152431905 111.10865467826953 3 117 125 122
-0.303 0.891 0.093 -18.69 70.42 0.9456949825392963 108.7814916506126 3 115 125 121
-0.306 0.915 0.102 -18.39 70.58 0.9701881260868945 108.49128683771815 3 114 124 121
-0.323 0.85 0.082 -20.72 68.59 0.9129912376359369 110.80679101271124 3 116 124 123
-0.355 0.826 0.08 -23.16 66.22 0.9026078882881535 113.25716657861972 3 119 125 124
-0.397 0.83 0.158 -25.17 62.76 0.9335271822502009 115.56240775951528 3 122 126 125
-0.5 0.846 0.343 -28.71 54.37 1.0408482117965134 120.58379009161868 3 126 126 127
-0.509 0.792 0.312 -30.88 52.99 0.9918109698929529 122.72791300652563 3 130 126 128
-0.677 1.053 0.336 -31.49 54.33 1.29616125539996 122.73797624952391 3 135 125 133
-0.693 1.122 0.299 -30.83 56.07 1.3522329680938858 121.70142966950573 3 137 125 135
-0.572 1.117 0.151 -26.91 62.09 1.2639912974383962 117.11634779349508 3 136 126 134
-0.514 1.22 0.117 -22.75 66.63 1.329016553696755 112.8462503479139 3 135 126 135
-0.298 1.061 0.017 -15.69 74.29 1.1021860097097949 105.68830575765023 3 133 127 132
-0.32 1.068 0.065 -16.65 73 1.1168030265001971 106.67955496345833 3 133 127 132
-0.287 1.043 0.045 -15.37 74.44 1.0827017133079635 105.38518835365359 3 132 128 130
-0.296 1.037 -0.005 -15.93 74.07 1.0784294135454575 105.93080010974374 -3 129 129 128
-0.267 1.032 -0.05 -14.49 75.25 1.0671518167533616 104.50554993744039 -3 128 129 127
-0.243 1.036 -0.099 -13.14 75.79 1.0687123092769166 103.20044000708472 -3 128 130 126
-0.216 1.029 -0.109 -11.79 76.77 1.0570610199983725 101.85497940749616 -3 127 130 126
-0.203 0.98 -0.114 -11.63 76.64 1.007276029695932 101.70290148022137 -3 126 130 127
-0.19 0.974 -0.107 -10.97 77.38 0.9981107153016643 101.0381758738892 -3 126 129 127
-0.186 0.968 -0.103 -10.82 77.61 0.9910746692353709 100.87674541942779 -3 126 128 127
-0.166 0.946 -0.114 -9.88 77.98 0.9671959470551973 99.95268835465984 -3 126 127 127
-0.166 0.938 -0.093 -9.99 78.53 0.9571044875038461 100.03585417506956 -3 126 126 127
-0.172 0.941 -0.099 -10.3 78.09 0.9616995372776259 100.35841894451735 -3 126 126 127
-0.182 0.935 -0.101 -10.95 77.45 0.9578883024653763 101.01502165701727 -3 126 126 127
-0.195 0.939 -0.089 -11.68 77.14 0.963154712390486 101.73173427351668 -3 126 126 127
-0.201 0.963 -0.087 -11.74 77.19 0.9875925273107325 101.7896706126476 -3 126 126 126
-0.197 0.971 -0.086 -11.43 77.52 0.9945079185205112 101.46870897043003 -3 126 126 126
-0.197 0.985 -0.069 -11.28 78.04 1.0068738749217798 101.30993247402021 -3 126 126 127
-0.2 0.999 -0.082 -11.28 77.79 1.022117899266029 101.32096149785187 -3 126 126 127
-0.204 1.004 -0.087 -11.44 77.54 1.0282028010076611 101.48541670175862 -3 126 126 127
-0.208 1.007 -0.104 -11.61 77 1.0335032655971628 101.670553446086 -3 126 126 127
-0.212 1.014 -0.111 -11.74 76.72 1.041854596380896 101.80889862876569 -3 126 127 127
-0.233 1.041 -0.143 -12.5 75.29 1.0762987503476904 102.61619317191821 -3 127 126 126
-0.212 1.038 -0.174 -11.39 75.2 1.0736219073770803 101.5432720113251 -3 127 126 126
-0.213 1.036 -0.177 -11.46 75.03 1.0723777319582872 101.61802844859419 -3 127 126 127
-0.216 1.023 -0.167 -11.77 75.06 1.0588078201449023 101.92252579363416 -3 127 126 127
-0.196 0.99 -0.152 -11.07 75.93 1.0205978639993325 101.19859219537227 -3 127 126 127
-0.202 0.995 -0.166 -11.32 75.28 1.028778401795061 101.47594257401782 -3 127 126 127
-0.22 1.002 -0.155 -12.24 74.97 1.0375109637974915 102.38341801187215 -3 128 126 127
-0.215 0.99 -0.175 -12.07 74.36 1.0280807361292206 102.2527595155474 -3 128 126 127
-0.237 1.02 -0.243 -12.74 71.59 1.0749967441811161 103.08073879203226 -1 128 126 128
-0.228 1.013 -0.279 -12.24 70.42 1.075171614208634 102.68442105966383 -1 128 126 128
-0.234 1.009 -0.321 -12.46 68.51 1.0843790850067148 103.05680916149167 -1 128 126 128
-0.232 1.017 -0.374 -12.08 66.6 1.1081466509447202 102.85052337701563 -1 128 126 128
-0.216 1.015 -0.459 -10.97 63.44 1.1347078919263758 102.0137764222416 -1 128 126 128
-0.198 0.993 -0.547 -9.91 59.64 1.1508527273287403 101.27664033394767 -1 128 126 129
-0.188 0.974 -0.624 -9.23 56.21 1.1719197924772837 100.92479464031834 -1 128 125 129
-0.148 0.963 -0.698 -7.09 53.46 1.1985311844086495 98.7372202759695 -1 128 125 128
-0.074 0.862 -0.708 -3.8 50.45 1.1179373864398667 94.90663335654932 -1 127 124 128
-0.035 0.826 -0.626 -1.93 52.8 1.0370038572734432 92.42633583160237 -1 126 124 128
-0.034 0.867 -0.515 -1.93 59.23 1.0089945490437497 92.24574256589509 -1 125 123 128
-0.053 0.911 -0.362 -3.09 68.12 0.9817199193252625 93.32959079753246 -1 124 123 127
-0.06 0.947 -0.21 -3.54 77.01 0.9718585287993309 93.62529867636107 -1 124 123 127
-0.062 0.977 -0.003 -3.63 86.36 0.9789698667476951 93.63109647713792 -3 124 123 127
0.016 0.923 0.391 0.91 67.02 1.002529800055839 89.00688985438946 1 123 123 128
0.044 0.957 0.539 2.29 60.53 1.0992297303111849 87.36756513101352 1 122 124 128
0.059 1.015 0.675 2.77 56.27 1.220381497729296 86.67324993169937 1 122 124 128
0.102 1.081 0.737 4.46 55.46 1.3123010325378852 84.60969701501219 1 123 124 128
0.125 1.158 0.776 5.12 55.83 1.3995588590695283 83.83907767231005 1 124 125 128
0.11 1.193 0.722 4.51 58.53 1.3987969831251426 84.7319651286978 1 126 126 128
0.142 1.085 0.632 6.45 59.16 1.2636506637516556 82.54376032262272 1 129 128 127
0.114 1.039 0.53 5.58 62.45 1.1719287521005701 83.73850288328178 1 129 128 126
0.082 0.971 0.413 4.44 66.56 1.0583638315815596 85.17288082257505 1 130 128 126
0.065 0.89 0.284 3.98 71.87 0.9364726370802299 85.82289303109779 1 130 128 126
0.01 0.824 0.139 0.69 80.4 0.835701501733723 89.30469700352967 1 130 127 126
-0.009 0.807 -0.017 -0.64 88.63 0.8072292115626144 90.63895989899164 -1 130 126 126
-0.04 0.757 -0.299 -2.81 68.27 0.8148926309643497 93.02470508971065 -1 129 125 125
-0.078 0.761 -0.447 -5.05 59.19 0.8860101579553137 95.85219272054096 -1 128 125 125
-0.084 0.777 -0.571 -4.98 53.4 0.9678977218694133 96.17017509502962 -1 128 125 125
-0.114 0.759 -0.656 -6.48 48.74 1.0096598437097515 98.54183939788777 -1 127 125 125
-0.157 0.795 -0.689 -8.49 48.37 1.063670531696728 101.17126919315878 -1 127 126 125
-0.17 0.838 -0.665 -9.03 50.68 1.0832215839799353 101.46762688183566 -1 127 126 125
-0.188 0.883 -0.583 -10.07 55.25 1.074672973513338 102.0194029310944 -1 128 127 124
-0.221 0.934 -0.422 -12.17 62.98 1.0484660223393032 103.3123019662705 -1 129 127 124
-0.237 0.971 -0.43 -12.58 63.18 1.0880762840904123 103.71646932424552 -1 129 127 125
-0.232 0.979 -0.345 -12.6 66.99 1.0636211731627008 103.33182265654641 -1 129 127 125
-0.204 1.027 -0.312 -10.76 70.05 1.0925607534595043 101.23481162240415 -1 129 127 125
-0.185 1.081 -0.314 -9.33 71.37 1.140781311207367 99.71139538134426 -1 128 127 125
-0.199 1.11 -0.3 -9.82 72.03 1.166919448805272 100.16397039122387 -1 127 127 125
-0.208 1.114 -0.251 -10.32 73.69 1.1607157274716322 100.57617409883537 -1 127 127 125
-0.235 1.125 -0.306 -11.4 71.07 1.1893216553985722 101.79879244973132 -1 126 127 125
-0.292 1.094 -0.305 -14.42 68.9 1.1726572389236336 104.94445524356574 -1 124 126 125
