-0.206 0.868 -0.486 -11.7 58.69 1.0159015700352076 103.35084541332758 -1 127 127 128
-0.198 0.864 -0.487 -11.29 58.68 1.01136986310647 102.90740867126586 -1 127 126 127
-0.181 0.87 -0.5 -10.22 58.57 1.019637680747431 101.75250859378856 -1 126 126 127
-0.161 0.889 -0.506 -8.94 59.15 1.035508570703304 100.26514046021373 -1 126 126 126
-0.154 0.898 -0.512 -8.47 59.23 1.045114347810803 99.73112035639883 -1 126 126 126
-0.147 0.896 -0.522 -8.07 58.82 1.0473342350940313 99.31708606912622 -1 126 126 126
-0.155 0.883 -0.524 -8.58 58.25 1.038407434488024 99.9561485340355 -1 126 127 127
-0.164 0.864 -0.539 -9.15 56.89 1.0314615843549386 100.74772609837206 -1 126 127 127
-0.167 0.861 -0.541 -9.33 56.67 1.0304809556707004 100.97682123009886 -1 126 126 126
-0.169 0.867 -0.538 -9.4 56.96 1.034260122019601 101.0300707678253 -1 126 126 126
-0.171 0.874 -0.531 -9.49 57.45 1.0368596819242226 101.07020257793937 -1 126 126 126
-0.176 0.881 -0.525 -9.74 57.85 1.0405585038814493 101.29742520953583 -1 126 126 127
-0.179 0.893 -0.509 -9.88 58.86 1.0433460595602977 101.3346076574702 -1 126 126 127
-0.191 0.895 -0.49 -10.6 59.56 1.0380780317490588 102.04665714366983 -1 126 126 127
-0.196 0.904 -0.487 -10.81 59.86 1.0453712259288563 102.23319420903633 -1 126 126 127
-0.195 0.901 -0.485 -10.79 59.88 1.04165781329571 102.21196170532195 -1 126 126 127
-0.195 0.894 -0.485 -10.85 59.68 1.0356089995746465 102.30467884716303 -1 126 126 127
-0.19 0.884 -0.486 -10.67 59.45 1.0265242325439765 102.13016308487246 -1 126 126 127
-0.185 0.883 -0.492 -10.37 59.24 1.0276079018769757 101.83305331587799 -1 126 126 127
-0.179 0.87 -0.5 -10.11 58.6 1.0192845530076478 101.62620095263401 -1 126 126 127
-0.162 0.879 -0.507 -9.07 58.8 1.0275864927099811 100.4424523993608 -1 126 126 127
-0.155 0.888 -0.509 -8.61 59.07 1.0352052936495253 99.9012015942401 -1 126 126 127
-0.149 0.892 -0.518 -8.22 58.86 1.0422039147882722 99.48315324855956 -1 126 126 127
-0.144 0.899 -0.514 -7.92 59.3 1.0455300091341233 99.10021935784249 -1 126 127 127
-0.142 0.9 -0.515 -7.8 59.31 1.046608331707712 98.9660882399946 -1 126 127 127
-0.153 0.908 -0.504 -8.38 59.88 1.0497090072967843 99.56461772424383 -1 126 127 127
-0.151 0.911 -0.504 -8.25 59.99 1.0520161595717055 99.41132010336136 -1 126 127 127
-0.153 0.91 -0.495 -8.4 60.35 1.0471551938466428 99.54398369488362 -1 126 127 127
-0.15 0.902 -0.492 -8.31 60.31 1.0383486890250309 99.44171962728358 -1 126 126 127
-0.15 0.902 -0.492 -8.31 60.31 1.0383486890250309 99.44171962728358 -1 126 126 127
-0.135 0.875 -0.476 -7.72 60.51 1.005199482689879 98.77076328273216 -1 126 126 127
-0.134 0.869 -0.472 -7.72 60.55 0.9979483954594045 98.76597921965973 -1 126 126 127
-0.131 0.863 -0.468 -7.6 60.61 0.990431219217165 98.63138121857698 -1 126 126 127
-0.131 0.861 -0.479 -7.57 60.03 0.9939431573284259 98.65112788346966 -1 126 126 127
-0.127 0.861 -0.489 -7.31 59.6 0.9982840277195664 98.39078983484754 -1 126 126 127
-0.128 0.87 -0.486 -7.32 59.99 1.0047288191347952 98.36967803531184 -1 126 126 127
-0.139 0.893 -0.468 -7.85 61.33 1.0177396523669497 98.84738293371156 -1 126 126 127
-0.149 0.905 -0.466 -8.33 61.6 1.0287769437540872 99.3493534397987 -1 126 126 127
-0.158 0.919 -0.461 -8.74 62.06 1.0402144009770293 99.7552635210771 -1 126 126 127
-0.173 0.936 -0.461 -9.41 62.25 1.0576133508990893 100.47174781635513 -1 126 126 127
-0.173 0.92 -0.478 -9.47 61.08 1.0511008514885716 100.64973377172554 -1 126 126 127
-0.171 0.914 -0.478 -9.41 60.95 1.045524270402175 100.59694439162887 -1 126 126 127
-0.176 0.91 -0.476 -9.72 60.85 1.04194625581169 100.94623160681577 -1 126 126 127
-0.178 0.893 -0.477 -9.97 60.31 1.0279406597659224 101.27291172997136 -1 126 126 127
-0.164 0.875 -0.476 -9.35 60.08 1.0095033432336913 100.61570166178707 -1 126 126 127
-0.156 0.867 -0.478 -8.95 59.89 1.002251964328332 100.2001330071971 -1 127 127 126
-0.146 0.865 -0.486 -8.37 59.6 1.0028643976131568 99.58043552921366 -1 127 127 126
-0.136 0.868 -0.511 -7.69 58.65 1.016386245479542 98.90482099032207 -1 127 127 126
-0.141 0.873 -0.51 -7.94 58.78 1.0208378911462876 99.17472729175054 -1 127 127 126
-0.155 0.895 -0.51 -8.56 59.22 1.0417053326157066 99.82527704214847 -1 127 127 126
-0.171 0.915 -0.507 -9.28 59.68 1.0599599049020676 100.58562492210106 -1 127 126 126
-0.213 0.956 -0.486 -11.23 60.97 1.0933896835072114 102.56053294373488 -1 126 126 125
-0.243 0.986 -0.481 -12.49 61.34 1.123657421103069 103.84466526782285 -1 126 126 125
-0.256 1.01 -0.475 -12.92 61.89 1.1451030521311172 104.22296089660496 -1 125 126 124
-0.234 0.996 -0.493 -11.89 61.28 1.1357028660701707 103.22128023172196 -1 125 126 124
-0.224 0.968 -0.506 -11.59 60.25 1.1150049327245148 103.02919480794375 -1 125 126 124
-0.217 0.94 -0.515 -11.45 59.27 1.0935785294161549 102.99906833254256 -1 125 126 125
-0.212 0.89 -0.544 -11.49 56.73 1.0644153324713055 103.39829985798576 -1 125 126 125
-0.25 0.845 -0.595 -13.6 52.63 1.0632732480411609 106.48127221132926 -1 125 126 125
-0.458 0.855 -0.74 -22.05 44.49 1.2199954917949491 118.1767304611603 -1 126 125 126
-0.565 0.859 -0.862 -24.9 39.81 1.3416966870347409 123.33458168315728 -1 126 125 126
-0.608 0.853 -1.019 -24.59 35.71 1.4613808538502207 125.48045197417949 -1 127 126 127
-0.566 0.808 -1.144 -22 32.34 1.510614444522493 125.01105217909537 -1 127 127 128
-0.46 0.742 -1.258 -17.48 28.98 1.5312504693876832 121.7966816802335 -1 127 128 130
-0.259 0.68 -1.333 -9.82 26.6 1.5186737635186827 110.85095413917219 -1 127 129 132
-0.034 0.624 -1.299 -1.35 25.65 1.4415037287499466 93.11880144117279 -1 126 130 133
0.271 0.598 -0.976 13.32 30.56 1.176274202726558 65.62104733661143 1 120 126 133
0.387 0.644 -0.679 22.47 39.49 1.012692450845764 58.997008747161296 1 117 124 132
0.072 0.7 -0.052 5.86 82.77 0.7056117912846978 84.1273717189332 -3 114 120 127
0.076 0.698 0.33 5.62 64.12 0.7758092549074159 83.78597050900842 1 113 119 124
0.034 0.642 0.861 1.81 36.69 1.0745422281139072 86.96847613954762 1 112 117 122
-0.206 0.868 -0.486 -11.7 58.69 1.0159015700352076 103.35084541332758 -1 127 127 128
-0.198 0.864 -0.487 -11.29 58.68 1.01136986310647 102.90740867126586 -1 127 126 127
-0.181 0.87 -0.5 -10.22 58.57 1.019637680747431 101.75250859378856 -1 126 126 127
-0.161 0.889 -0.506 -8.94 59.15 1.035508570703304 100.26514046021373 -1 126 126 126
-0.154 0.898 -0.512 -8.47 59.23 1.045114347810803 99.73112035639883 -1 126 126 126
-0.147 0.896 -0.522 -8.07 58.82 1.0473342350940313 99.31708606912622 -1 126 126 126
-0.155 0.883 -0.524 -8.58 58.25 1.038407434488024 99.9561485340355 -1 126 127 127
-0.164 0.864 -0.539 -9.15 56.89 1.0314615843549386 100.74772609837206 -1 126 127 127
-0.167 0.861 -0.541 -9.33 56.67 1.0304809556707004 100.97682123009886 -1 126 126 126
-0.169 0.867 -0.538 -9.4 56.96 1.034260122019601 101.0300707678253 -1 126 126 126
-0.171 0.874 -0.531 -9.49 57.45 1.0368596819242226 101.07020257793937 -1 126 126 126
-0.176 0.881 -0.525 -9.74 57.85 1.0405585038814493 101.29742520953583 -1 126 126 127
-0.179 0.893 -0.509 -9.88 58.86 1.0433460595602977 101.3346076574702 -1 126 126 127
-0.191 0.895 -0.49 -10.6 59.56 1.0380780317490588 102.04665714366983 -1 126 126 127
-0.196 0.904 -0.487 -10.81 59.86 1.0453712259288563 102.23319420903633 -1 126 126 127
-0.195 0.901 -0.485 -10.79 59.88 1.04165781329571 102.21196170532195 -1 126 126 127
-0.195 0.894 -0.485 -10.85 59.68 1.0356089995746465 102.30467884716303 -1 126 126 127
-0.19 0.884 -0.486 -10.67 59.45 1.0265242325439765 102.13016308487246 -1 126 126 127
-0.185 0.883 -0.492 -10.37 59.24 1.0276079018769757 101.83305331587799 -1 126 126 127
-0.179 0.87 -0.5 -10.11 58.6 1.0192845530076478 101.62620095263401 -1 126 126 127
-0.162 0.879 -0.507 -9.07 58.8 1.0275864927099811 100.4424523993608 -1 126 126 127
-0.155 0.888 -0.509 -8.61 59.07 1.0352052936495253 99.9012015942401 -1 126 126 127
-0.149 0.892 -0.518 -8.22 58.86 1.0422039147882722 99.48315324855956 -1 126 126 127
-0.144 0.899 -0.514 -7.92 59.3 1.0455300091341233 99.10021935784249 -1 126 127 127
-0.142 0.9 -0.515 -7.8 59.31 1.046608331707712 98.9660882399946 -1 126 127 127
-0.153 0.908 -0.504 -8.38 59.88 1.0497090072967843 99.56461772424383 -1 126 127 127
-0.151 0.911 -0.504 -8.25 59.99 1.0520161595717055 99.41132010336136 -1 126 127 127
-0.153 0.91 -0.495 -8.4 60.35 1.0471551938466428 99.54398369488362 -1 126 127 127
-0.15 0.902 -0.492 -8.31 60.31 1.0383486890250309 99.44171962728358 -1 126 126 127
-0.15 0.902 -0.492 -8.31 60.31 1.0383486890250309 99.44171962728358 -1 126 126 127
-0.135 0.875 -0.476 -7.72 60.51 1.005199482689879 98.77076328273216 -1 126 126 127
-0.134 0.869 -0.472 -7.72 60.55 0.9979483954594045 98.76597921965973 -1 126 126 127
-0.131 0.863 -0.468 -7.6 60.61 0.990431219217165 98.63138121857698 -1 126 126 127
-0.131 0.861 -0.479 -7.57 60.03 0.9939431573284259 98.65112788346966 -1 126 126 127
-0.127 0.861 -0.489 -7.31 59.6 0.9982840277195664 98.39078983484754 -1 126 126 127
-0.128 0.87 -0.486 -7.32 59.99 1.0047288191347952 98.36967803531184 -1 126 126 127
-0.139 0.893 -0.468 -7.85 61.33 1.0177396523669497 98.84738293371156 -1 126 126 127
-0.149 0.905 -0.466 -8.33 61.6 1.0287769437540872 99.3493534397987 -1 126 126 127
-0.158 0.919 -0.461 -8.74 62.06 1.0402144009770293 99.7552635210771 -1 126 126 127
-0.173 0.936 -0.461 -9.41 62.25 1.0576133508990893 100.47174781635513 -1 126 126 127
-0.173 0.92 -0.478 -9.47 61.08 1.0511008514885716 100.64973377172554 -1 126 126 127
-0.171 0.914 -0.478 -9.41 60.95 1.045524270402175 100.59694439162887 -1 126 126 127
-0.176 0.91 -0.476 -9.72 60.85 1.04194625581169 100.94623160681577 -1 126 126 127
-0.178 0.893 -0.477 -9.97 60.31 1.0279406597659224 101.27291172997136 -1 126 126 127
-0.164 0.875 -0.476 -9.35 60.08 1.0095033432336913 100.61570166178707 -1 126 126 127
-0.156 0.867 -0.478 -8.95 59.89 1.002251964328332 100.2001330071971 -1 127 127 126
-0.146 0.865 -0.486 -8.37 59.6 1.0028643976131568 99.58043552921366 -1 127 127 126
-0.136 0.868 -0.511 -7.69 58.65 1.016386245479542 98.90482099032207 -1 127 127 126
-0.141 0.873 -0.51 -7.94 58.78 1.0208378911462876 99.17472729175054 -1 127 127 126
-0.155 0.895 -0.51 -8.56 59.22 1.0417053326157066 99.82527704214847 -1 127 127 126
-0.171 0.915 -0.507 -9.28 59.68 1.0599599049020676 100.58562492210106 -1 127 126 126
-0.213 0.956 -0.486 -11.23 60.97 1.0933896835072114 102.56053294373488 -1 126 126 125
-0.243 0.986 -0.481 -12.49 61.34 1.123657421103069 103.84466526782285 -1 126 126 125
-0.256 1.01 -0.475 -12.92 61.89 1.1451030521311172 104.22296089660496 -1 125 126 124
-0.234 0.996 -0.493 -11.89 61.28 1.1357028660701707 103.22128023172196 -1 125 126 124
-0.224 0.968 -0.506 -11.59 60.25 1.1150049327245148 103.02919480794375 -1 125 126 124
-0.217 0.94 -0.515 -11.45 59.27 1.0935785294161549 102.99906833254256 -1 125 126 125
-0.212 0.89 -0.544 -11.49 56.73 1.0644153324713055 103.39829985798576 -1 125 126 125
-0.25 0.845 -0.595 -13.6 52.63 1.0632732480411609 106.48127221132926 -1 125 126 125
-0.458 0.855 -0.74 -22.05 44.49 1.2199954917949491 118.1767304611603 -1 126 125 126
-0.565 0.859 -0.862 -24.9 39.81 1.3416966870347409 123.33458168315728 -1 126 125 126
-0.608 0.853 -1.019 -24.59 35.71 1.4613808538502207 125.48045197417949 -1 127 126 127
-0.566 0.808 -1.144 -22 32.34 1.510614444522493 125.01105217909537 -1 127 127 128
-0.46 0.742 -1.258 -17.48 28.98 1.5312504693876832 121.7966816802335 -1 127 128 130
-0.259 0.68 -1.333 -9.82 26.6 1.5186737635186827 110.85095413917219 -1 127 129 132
-0.034 0.624 -1.299 -1.35 25.65 1.4415037287499466 93.11880144117279 -1 126 130 133
0.271 0.598 -0.976 13.32 30.56 1.176274202726558 65.62104733661143 1 120 126 133
0.387 0.644 -0.679 22.47 39.49 1.012692450845764 58.997008747161296 1 117 124 132
0.072 0.7 -0.052 5.86 82.77 0.7056117912846978 84.1273717189332 -3 114 120 127
0.076 0.698 0.33 5.62 64.12 0.7758092549074159 83.78597050900842 1 113 119 124
0.034 0.642 0.861 1.81 36.69 1.0745422281139072 86.96847613954762 1 112 117 122
-0.046 0.439 1.174 -2.1 20.49 1.254238015689207 95.98182902154474 -1 112 117 121
-0.025 0.07 1.32 -1.08 3.04 1.3220911466309726 109.6538240580533 -1 114 119 123
-0.247 0.079 1.451 -9.65 3.07 1.4739915196499607 162.26374556006147 2 115 120 124
-0.372 0.201 1.326 -15.5 8.3 1.3917833883187427 151.61664585847018 2 119 124 126
-0.357 0.497 1.325 -14.16 19.91 1.4594803869870947 125.69005982501398 -1 123 129 127
-0.249 0.769 1.249 -9.63 31.12 1.4877375440580909 107.94180483899322 -1 129 133 128
-0.07 0.949 1.12 -2.73 40.22 1.4696601648000125 94.21860315129376 -1 134 135 128
0.126 1.046 0.89 5.24 49.33 1.3791635145986136 83.1313087154126 1 138 136 129
0.271 1.04 0.575 12.85 58.57 1.2188789931736457 75.39482594272955 1 142 134 129
0.233 1.012 0.386 12.14 65.99 1.1078939479932184 77.0343309108959 1 142 132 128
0.114 0.935 0.216 6.77 75.36 0.966373116347925 83.04851524174771 1 142 131 128
0.017 0.806 0.051 1.21 86.18 0.8077908145058348 88.79170737791999 1 141 130 127
-0.04 0.644 -0.195 -3.4 72.82 0.6740630534304636 93.55417823553209 -1 139 129 127
-0.082 0.554 -0.346 -7.16 57.31 0.6582978049484899 98.41947251759659 -1 138 127 127
-0.225 0.526 -0.647 -15.1 37.52 0.8636608130510496 113.15913967330495 -1 134 124 128
-0.253 0.567 -0.821 -14.23 33.42 1.029339108360311 114.04681630790303 -1 132 123 128
-0.246 0.612 -0.924 -12.51 32.62 1.1352691310874263 111.898192805639 -1 131 124 128
-0.3 0.712 -0.954 -14.14 35.45 1.227623720852607 112.84804287161636 -1 129 125 127
-0.324 0.722 -1.023 -14.51 33.93 1.2933634446666564 114.16832358129389 -1 127 125 126
-0.235 0.708 -1.029 -10.66 33.85 1.270956332845468 108.36208436939269 -1 125 126 124
-0.191 0.77 -0.947 -8.89 38.56 1.2353906264821666 103.93114585511162 -1 124 126 124
-0.194 0.753 -0.967 -8.99 37.36 1.2408601855164827 104.44727912660477 -1 122 125 124
-0.194 0.816 -0.869 -9.24 42.5 1.2077470761711657 103.37351097232535 -1 122 125 124
-0.245 0.854 -0.783 -11.94 46.15 1.1842423738407608 106.00740429609985 -1 123 126 125
