-0.045 0.982 -0.278 -2.52 74 1.0215835746526076 92.62373483011498 -1 126 126 126
-0.049 0.982 -0.279 -2.75 73.91 1.0220401166294795 92.85658514593338 -1 126 126 127
-0.05 0.981 -0.277 -2.81 73.99 1.0205831666258267 92.91774937823045 -1 126 126 127
-0.05 0.982 -0.283 -2.8 73.69 1.023187666071088 92.91478327303614 -1 126 126 127
-0.05 0.986 -0.287 -2.79 73.54 1.0281366640675742 92.9029788618781 -1 126 126 127
-0.047 0.986 -0.289 -2.62 73.46 1.0285552974925558 92.72907183713225 -1 126 126 127
-0.045 0.986 -0.29 -2.51 73.43 1.0287472964727538 92.61310565906996 -1 126 126 127
-0.042 0.987 -0.289 -2.34 73.52 1.0292978189037418 92.43664824681014 -1 126 126 127
-0.042 0.986 -0.29 -2.34 73.45 1.028620435340461 92.4391165093991 -1 126 126 127
-0.04 0.984 -0.29 -2.23 73.43 1.0266235921699831 92.32781508904117 -1 126 127 127
-0.042 0.98 -0.289 -2.35 73.41 1.0225874045772323 92.45403167452709 -1 126 127 127
-0.044 0.971 -0.29 -2.49 73.19 1.014335743232979 92.59453233529372 -1 126 126 127
-0.048 0.969 -0.289 -2.72 73.18 1.0123171439820624 92.83586302008278 -1 126 126 127
-0.049 0.967 -0.287 -2.78 73.24 1.0098806860218688 92.90082108159969 -1 126 126 127
-0.048 0.966 -0.286 -2.73 73.29 1.0085910965302043 92.8446556047734 -1 126 126 127
-0.051 0.97 -0.282 -2.89 73.54 1.0114469832868156 93.00968725097967 -1 126 126 127
-0.053 0.977 -0.282 -2.98 73.63 1.0182642093287968 93.10512054551505 -1 126 126 127
-0.054 0.98 -0.28 -3.03 73.78 1.0206448941723072 93.15392494269281 -1 126 126 127
-0.058 0.988 -0.278 -3.23 73.96 1.0280038910432197 93.35966159148913 -1 126 126 127
-0.059 0.989 -0.28 -3.29 73.86 1.0295639853841043 93.41400338089566 -1 126 126 127
-0.059 0.988 -0.28 -3.29 73.85 1.0286034221214704 93.41745066436752 -1 126 126 127
-0.058 0.985 -0.278 -3.24 73.92 1.0251209684715263 93.36987051758952 -1 126 126 127
-0.056 0.984 -0.278 -3.13 73.92 1.0240488269609023 93.25722194066697 -1 126 126 127
-0.055 0.982 -0.282 -3.08 73.69 1.0231681191280346 93.20568123965452 -1 126 126 127
-0.051 0.98 -0.277 -2.87 73.97 1.0196715157343565 92.97903175988876 -1 126 126 127
-0.049 0.978 -0.279 -2.76 73.85 1.0181974268284124 92.86824905081616 -1 126 126 127
-0.043 0.984 -0.281 -2.41 73.89 1.02423922986771 92.50218705178625 -1 126 126 127
-0.041 0.983 -0.275 -2.3 74.21 1.021564975907064 92.38836842760792 -1 126 126 127
-0.041 0.984 -0.278 -2.3 74.06 1.0233381650265956 92.38594403038883 -1 126 126 127
-0.037 0.984 -0.277 -2.07 74.15 1.0229144636771934 92.15339997123887 -1 126 126 127
-0.037 0.981 -0.278 -2.08 74.05 1.0203009359987865 92.15997906416688 -1 126 126 127
-0.037 0.98 -0.277 -2.08 74.08 1.0190672205502442 92.16218103357006 -1 126 126 127
-0.035 0.983 -0.278 -1.96 74.09 1.0221536088083825 92.03917142158217 -1 126 126 127
-0.036 0.983 -0.278 -2.02 74.08 1.0221883388104172 92.09738214980685 -1 126 126 127
-0.036 0.982 -0.279 -2.02 74.01 1.0214993881544912 92.09951606641525 -1 126 126 127
-0.034 0.98 -0.28 -1.91 73.94 1.0197823297155133 91.98701578047442 -1 126 126 127
-0.035 0.978 -0.282 -1.97 73.8 1.018446365794488 92.04958776452906 -1 126 126 127
-0.037 0.979 -0.283 -2.08 73.75 1.019754382192104 92.1643874949689 -1 126 126 127
-0.035 0.977 -0.282 -1.97 73.78 1.017486117841418 92.05168381062985 -1 126 126 127
-0.038 0.977 -0.281 -2.14 73.82 1.0173170597213044 92.22737227872203 -1 126 126 127
-0.044 0.979 -0.279 -2.47 73.91 1.018929830753816 92.57335946317683 -1 126 126 127
-0.045 0.981 -0.273 -2.53 74.25 1.0192717988838895 92.62640563829076 -1 126 126 127
-0.049 0.981 -0.267 -2.76 74.53 1.0178659047241931 92.85949222700333 -1 126 126 127
-0.051 0.982 -0.263 -2.87 74.74 1.0178870271302214 92.97297538093814 -1 126 126 127
-0.055 0.985 -0.26 -3.09 74.9 1.020220564387917 93.19593801359592 -1 126 126 127
-0.056 0.987 -0.257 -3.14 75.08 1.021447012820538 93.24734279032293 -1 126 126 127
-0.056 0.991 -0.262 -3.13 74.87 1.0265773229523436 93.23426333539338 -1 126 126 127
-0.051 1.005 -0.271 -2.81 74.66 1.0421453833319034 92.90505504666447 -1 126 126 127
-0.045 1.01 -0.279 -2.46 74.37 1.0487926391808822 92.55109508900095 -1 126 126 127
-0.036 1.011 -0.289 -1.96 73.93 1.0521112108517805 92.03934416000291 -1 126 126 127
-0.027 1.012 -0.303 -1.46 73.27 1.0567317540416772 91.52827979062789 -1 126 126 127
-0.013 1.015 -0.332 -0.7 71.87 1.0679971910075419 90.73379744738 -1 126 126 127
0 1.025 -0.45 0 66.3 1.1194306588619056 90 -1 127 126 127
0.005 1.049 -0.557 0.24 62.03 1.187718400968849 89.72690493032299 1 127 125 127
-0.003 1.083 -0.71 -0.13 56.75 1.2949895752476157 90.15871366471848 -1 127 125 127
-0.027 1.076 -0.9 -1.1 50.08 1.4030342119848682 91.43741773238936 -1 127 125 127
-0.046 1.022 -1.073 -1.78 43.58 1.4825413990846932 92.57713132111918 -1 127 124 127
-0.069 0.929 -1.154 -2.67 38.79 1.4830772063517126 94.2477535435104 -1 127 124 127
-0.112 0.843 -1.152 -4.49 36.07 1.4318858194702537 97.56792997577391 -1 127 123 128
-0.13 0.71 -0.868 -6.61 38.97 1.1289038931636297 100.37584492005105 -1 127 124 129
-0.13 0.71 -0.868 -6.61 38.97 1.1289038931636297 100.37584492005105 -1 127 124 129
-0.039 0.688 -0.329 -2.93 64.29 0.7636137767222381 93.2443991107369 -1 122 127 129
0.014 0.681 -0.022 1.18 87.81 0.6814990829047388 88.82227909178455 1 120 127 128
0.088 0.719 0.281 6.5 67.73 0.7769594584017882 83.02214714472106 1 118 128 127
0.175 0.749 0.543 10.71 52.7 0.9415280133909983 76.84905131905529 1 116 128 127
0.187 0.798 0.752 9.68 45.84 1.1123295375022637 76.81151619832963 1 116 126 127
-0.045 0.982 -0.278 -2.52 74 1.0215835746526076 92.62373483011498 -1 126 126 126
-0.049 0.982 -0.279 -2.75 73.91 1.0220401166294795 92.85658514593338 -1 126 126 127
-0.05 0.981 -0.277 -2.81 73.99 1.0205831666258267 92.91774937823045 -1 126 126 127
-0.05 0.982 -0.283 -2.8 73.69 1.023187666071088 92.91478327303614 -1 126 126 127
-0.05 0.986 -0.287 -2.79 73.54 1.0281366640675742 92.9029788618781 -1 126 126 127
-0.047 0.986 -0.289 -2.62 73.46 1.0285552974925558 92.72907183713225 -1 126 126 127
-0.045 0.986 -0.29 -2.51 73.43 1.0287472964727538 92.61310565906996 -1 126 126 127
-0.042 0.987 -0.289 -2.34 73.52 1.0292978189037418 92.43664824681014 -1 126 126 127
-0.042 0.986 -0.29 -2.34 73.45 1.028620435340461 92.4391165093991 -1 126 126 127
-0.04 0.984 -0.29 -2.23 73.43 1.0266235921699831 92.32781508904117 -1 126 127 127
-0.042 0.98 -0.289 -2.35 73.41 1.0225874045772323 92.45403167452709 -1 126 127 127
-0.044 0.971 -0.29 -2.49 73.19 1.014335743232979 92.59453233529372 -1 126 126 127
-0.048 0.969 -0.289 -2.72 73.18 1.0123171439820624 92.83586302008278 -1 126 126 127
-0.049 0.967 -0.287 -2.78 73.24 1.0098806860218688 92.90082108159969 -1 126 126 127
-0.048 0.966 -0.286 -2.73 73.29 1.0085910965302043 92.8446556047734 -1 126 126 127
-0.051 0.97 -0.282 -2.89 73.54 1.0114469832868156 93.00968725097967 -1 126 126 127
-0.053 0.977 -0.282 -2.98 73.63 1.0182642093287968 93.10512054551505 -1 126 126 127
-0.054 0.98 -0.28 -3.03 73.78 1.0206448941723072 93.15392494269281 -1 126 126 127
-0.058 0.988 -0.278 -3.23 73.96 1.0280038910432197 93.35966159148913 -1 126 126 127
-0.059 0.989 -0.28 -3.29 73.86 1.0295639853841043 93.41400338089566 -1 126 126 127
-0.059 0.988 -0.28 -3.29 73.85 1.0286034221214704 93.41745066436752 -1 126 126 127
-0.058 0.985 -0.278 -3.24 73.92 1.0251209684715263 93.36987051758952 -1 126 126 127
-0.056 0.984 -0.278 -3.13 73.92 1.0240488269609023 93.25722194066697 -1 126 126 127
-0.055 0.982 -0.282 -3.08 73.69 1.0231681191280346 93.20568123965452 -1 126 126 127
-0.051 0.98 -0.277 -2.87 73.97 1.0196715157343565 92.97903175988876 -1 126 126 127
-0.049 0.978 -0.279 -2.76 73.85 1.0181974268284124 92.86824905081616 -1 126 126 127
-0.043 0.984 -0.281 -2.41 73.89 1.02423922986771 92.50218705178625 -1 126 126 127
-0.041 0.983 -0.275 -2.3 74.21 1.021564975907064 92.38836842760792 -1 126 126 127
-0.041 0.984 -0.278 -2.3 74.06 1.0233381650265956 92.38594403038883 -1 126 126 127
-0.037 0.984 -0.277 -2.07 74.15 1.0229144636771934 92.15339997123887 -1 126 126 127
-0.037 0.981 -0.278 -2.08 74.05 1.0203009359987865 92.15997906416688 -1 126 126 127
-0.037 0.98 -0.277 -2.08 74.08 1.0190672205502442 92.16218103357006 -1 126 126 127
-0.035 0.983 -0.278 -1.96 74.09 1.0221536088083825 92.03917142158217 -1 126 126 127
-0.036 0.983 -0.278 -2.02 74.08 1.0221883388104172 92.09738214980685 -1 126 126 127
-0.036 0.982 -0.279 -2.02 74.01 1.0214993881544912 92.09951606641525 -1 126 126 127
-0.034 0.98 -0.28 -1.91 73.94 1.0197823297155133 91.98701578047442 -1 126 126 127
-0.035 0.978 -0.282 -1.97 73.8 1.018446365794488 92.04958776452906 -1 126 126 127
-0.037 0.979 -0.283 -2.08 73.75 1.019754382192104 92.1643874949689 -1 126 126 127
-0.035 0.977 -0.282 -1.97 73.78 1.017486117841418 92.05168381062985 -1 126 126 127
-0.038 0.977 -0.281 -2.14 73.82 1.0173170597213044 92.22737227872203 -1 126 126 127
-0.044 0.979 -0.279 -2.47 73.91 1.018929830753816 92.57335946317683 -1 126 126 127
-0.045 0.981 -0.273 -2.53 74.25 1.0192717988838895 92.62640563829076 -1 126 126 127
-0.049 0.981 -0.267 -2.76 74.53 1.0178659047241931 92.85949222700333 -1 126 126 127
-0.051 0.982 -0.263 -2.87 74.74 1.0178870271302214 92.97297538093814 -1 126 126 127
-0.055 0.985 -0.26 -3.09 74.9 1.020220564387917 93.19593801359592 -1 126 126 127
-0.056 0.987 -0.257 -3.14 75.08 1.021447012820538 93.24734279032293 -1 126 126 127
-0.056 0.991 -0.262 -3.13 74.87 1.0265773229523436 93.23426333539338 -1 126 126 127
-0.051 1.005 -0.271 -2.81 74.66 1.0421453833319034 92.90505504666447 -1 126 126 127
-0.045 1.01 -0.279 -2.46 74.37 1.0487926391808822 92.55109508900095 -1 126 126 127
-0.036 1.011 -0.289 -1.96 73.93 1.0521112108517805 92.03934416000291 -1 126 126 127
-0.027 1.012 -0.303 -1.46 73.27 1.0567317540416772 91.52827979062789 -1 126 126 127
-0.013 1.015 -0.332 -0.7 71.87 1.0679971910075419 90.73379744738 -1 126 126 127
0 1.025 -0.45 0 66.3 1.1194306588619056 90 -1 127 126 127
0.005 1.049 -0.557 0.24 62.03 1.187718400968849 89.72690493032299 1 127 125 127
-0.003 1.083 -0.71 -0.13 56.75 1.2949895752476157 90.15871366471848 -1 127 125 127
-0.027 1.076 -0.9 -1.1 50.08 1.4030342119848682 91.43741773238936 -1 127 125 127
-0.046 1.022 -1.073 -1.78 43.58 1.4825413990846932 92.57713132111918 -1 127 124 127
-0.069 0.929 -1.154 -2.67 38.79 1.4830772063517126 94.2477535435104 -1 127 124 127
-0.112 0.843 -1.152 -4.49 36.07 1.4318858194702537 97.56792997577391 -1 127 123 128
-0.13 0.71 -0.868 -6.61 38.97 1.1289038931636297 100.37584492005105 -1 127 124 129
-0.13 0.71 -0.868 -6.61 38.97 1.1289038931636297 100.37584492005105 -1 127 124 129
-0.039 0.688 -0.329 -2.93 64.29 0.7636137767222381 93.2443991107369 -1 122 127 129
0.014 0.681 -0.022 1.18 87.81 0.6814990829047388 88.82227909178455 1 120 127 128
0.088 0.719 0.281 6.5 67.73 0.7769594584017882 83.02214714472106 1 118 128 127
0.175 0.749 0.543 10.71 52.7 0.9415280133909983 76.84905131905529 1 116 128 127
0.187 0.798 0.752 9.68 45.84 1.1123295375022637 76.81151619832963 1 116 126 127
0.142 0.866 0.889 6.53 43.89 1.2491761284942968 80.68794738245647 1 117 125 127
0.089 1.106 1.048 3.34 46.44 1.5262571867152668 85.39931271021965 1 121 124 128
0.048 1.256 1.113 1.64 48.43 1.6788713470662366 87.8114174395968 1 124 124 128
0.054 1.366 1.121 1.75 50.59 1.7679120453235224 87.73619186372748 1 128 125 128
0.117 1.406 1.109 3.74 51.58 1.7945489684040388 85.24310335362586 1 131 126 126
0.175 1.327 1.024 5.96 51.94 1.6852685245977863 82.48738953540894 1 135 126 125
0.199 1.138 0.866 7.92 52.02 1.4438147388082725 80.08108241258611 1 137 127 123
0.205 0.909 0.633 10.49 53.8 1.1264967820637573 77.29112233932791 1 138 128 122
0.193 0.57 0.017 18.7 71.23 0.6020282385403528 71.29407998891833 3 136 129 121
0.129 0.46 -0.294 13.29 55.09 0.560960782942979 74.33465599525869 1 134 129 122
0.055 0.426 -0.584 4.35 35.99 0.7249531019314285 82.64335311594503 1 131 128 124
-0.016 0.445 -0.822 -0.98 28.42 0.9348609522276561 92.05918592838918 -1 128 128 125
-0.108 0.493 -0.998 -5.54 26.16 1.118354594929533 102.35641602795302 -1 126 127 126
-0.252 0.484 -1.047 -12.32 24.2 1.180664643325953 117.50424212281358 -1 124 127 128
-0.273 0.612 -1.09 -12.32 28.57 1.2795206133548611 114.04061953457712 -1 122 127 128
-0.194 0.786 -0.999 -8.68 37.68 1.2858588569512597 103.86459694873254 -1 124 127 128
-0.137 0.834 -0.866 -6.5 43.57 1.2100747910769813 99.32858400427448 -1 126 127 129
-0.002 0.975 -0.763 -0.09 51.95 1.2380621955297721 90.11752963928417 -1 129 126 128
0.052 1.017 -0.518 2.61 62.89 1.1425047045854997 87.07297127594838 1 129 126 128
0.066 1.081 -0.392 3.29 69.81 1.1517729811034811 86.50616726639527 1 129 126 127
0.068 1.122 -0.278 3.37 75.69 1.1579257316425782 86.53177074108285 1 128 126 127
0.062 1.151 -0.213 3.03 79.09 1.17218343274421 86.91667374859722 1 128 127 126
-0.003 1.109 -0.276 -0.15 76.02 1.1428324461617285 90.15499271349245 -1 128 126 126
