-0.305 0.951 0.12 -17.65 70.98 1.005895620827529 107.78182699851435 3 127 127 127
-0.308 0.953 0.118 -17.78 70.91 1.0084626914269066 107.91030999517855 3 126 127 127
-0.309 0.954 0.105 -17.85 71.11 1.0082767477235604 107.9471062927302 3 126 127 127
-0.306 0.953 0.102 -17.71 71.3 1.0061058592414618 107.80137203159761 3 126 127 127
-0.296 0.95 0.1 -17.22 71.8 1.0000579983180975 107.30593466474927 3 126 127 127
-0.281 0.95 0.098 -16.4 72.61 0.9955224758889173 106.47766251159379 3 126 127 127
-0.278 0.951 0.106 -16.2 72.63 0.9964542136997565 106.2949013812082 3 126 126 127
-0.269 0.943 0.109 -15.82 72.89 0.9866564751725901 105.92131867324093 3 126 126 127
-0.261 0.939 0.112 -15.43 73.17 0.9810127420171462 105.53355172487993 3 126 126 127
-0.256 0.936 0.113 -15.19 73.36 0.9769344911507629 105.29654731443009 3 126 126 127
-0.256 0.937 0.109 -15.18 73.46 0.9774384891132537 105.28098587038075 3 126 126 127
-0.26 0.939 0.111 -15.37 73.24 0.9806334687333489 105.476894399779 3 126 126 127
-0.264 0.939 0.11 -15.6 73.06 0.9815890178684763 105.70333659110406 3 126 126 127
-0.27 0.943 0.109 -15.88 72.84 0.9869295820878002 105.97748987852862 3 126 126 127
-0.271 0.94 0.108 -15.98 72.76 0.9842281239631389 106.0821589452708 3 126 126 127
-0.27 0.932 0.112 -16.05 72.59 0.9767640452023202 106.15627975432268 3 126 126 127
-0.267 0.926 0.116 -15.97 72.55 0.9706806890012802 106.0842251976057 3 126 126 127
-0.265 0.925 0.121 -15.86 72.52 0.9697891523418892 105.98629223909761 3 126 126 127
-0.265 0.925 0.121 -15.86 72.52 0.9697891523418892 105.98629223909761 3 126 126 127
-0.258 0.937 0.126 -15.26 72.96 0.9800045918259771 105.3947255061767 3 126 126 127
-0.252 0.947 0.133 -14.76 73.25 0.9889398363904651 104.90128727648415 3 126 126 127
-0.242 0.952 0.135 -14.13 73.77 0.9915104638883041 104.2625959871835 3 126 126 127
-0.239 0.949 0.137 -14 73.81 0.9881755916839882 104.13564125088516 3 126 126 127
-0.234 0.943 0.141 -13.79 73.84 0.9817769604141258 103.9361261318327 3 126 126 127
-0.23 0.934 0.136 -13.7 74.04 0.9714689907557523 103.83398991739716 3 126 126 127
-0.226 0.927 0.137 -13.56 74.09 0.9639367199147464 103.70126941748785 3 126 126 127
-0.226 0.921 0.136 -13.64 74.02 0.9580255737713894 103.78713295277358 3 126 126 127
-0.227 0.914 0.13 -13.81 74.03 0.9506971126494496 103.94771027104876 3 126 126 127
-0.235 0.913 0.129 -14.3 73.64 0.9515434829791017 104.43422678843498 3 126 126 127
-0.239 0.912 0.125 -14.55 73.52 0.9510467916984947 104.6847916099445 3 127 126 127
-0.242 0.917 0.125 -14.65 73.46 0.9565970938697232 104.78353734475253 3 127 126 127
-0.246 0.923 0.126 -14.79 73.33 0.9634941618920169 104.9236896470612 3 127 126 127
-0.249 0.931 0.122 -14.85 73.41 0.9714144326702173 104.97354360425048 3 127 126 127
-0.253 0.938 0.119 -14.98 73.4 0.9787818960320016 105.09477163003501 3 127 126 127
-0.254 0.951 0.12 -14.84 73.54 0.9916234164237954 104.95391404741392 3 127 126 127
-0.252 0.961 0.12 -14.59 73.8 1.0007122463525666 104.69366130435125 3 127 126 127
-0.241 0.973 0.111 -13.83 74.75 1.0085291269963401 103.91147666402036 3 127 126 127
-0.233 0.973 0.11 -13.38 75.17 1.0065376296989597 103.46677689661608 3 127 126 127
-0.225 0.97 0.107 -12.98 75.59 1.0014858960564548 103.05930902582533 3 127 126 127
-0.219 0.964 0.103 -12.73 75.91 0.9939144832428994 102.79912812156981 3 127 126 127
-0.214 0.956 0.103 -12.55 76.05 0.9850588814888174 102.61761863372705 3 127 126 127
-0.214 0.959 0.1 -12.51 76.16 0.9876623917108517 102.57940558054462 3 126 126 127
-0.218 0.962 0.1 -12.7 76 0.991447426745362 102.7682212730084 3 126 126 127
-0.221 0.963 0.096 -12.86 75.95 0.9926862545638475 102.92507256327012 3 126 126 127
-0.224 0.961 0.093 -13.06 75.84 0.9911336943117209 103.12082833148014 3 126 126 126
-0.223 0.957 0.091 -13.06 75.87 0.9868429459645541 103.11698745454395 3 126 126 126
-0.225 0.948 0.093 -13.29 75.6 0.9787635056539449 103.35163641457021 3 126 126 126
-0.226 0.922 0.096 -13.7 75.09 0.9541362586129929 103.77274914993707 3 126 126 126
-0.228 0.917 0.095 -13.89 74.92 0.9496831050408341 103.96271196374641 3 127 126 126
-0.231 0.915 0.099 -14.09 74.64 0.9488872430378649 104.16877009244585 3 127 126 126
-0.229 0.918 0.092 -13.94 74.95 0.9505940248076463 104.00686855149839 3 127 126 126
-0.225 0.933 0.088 -13.5 75.48 0.9637727948017625 103.55842772575781 3 127 126 126
-0.219 0.945 0.081 -13 76.12 0.9734202586755629 103.04774220971304 3 127 126 126
-0.219 0.96 0.074 -12.81 76.46 0.9874396184071206 102.85069072455025 3 126 126 126
-0.225 0.97 0.065 -13.03 76.43 0.9978727373768661 103.05930902582533 3 126 126 126
-0.256 0.972 0.051 -14.74 74.97 1.0064397647152066 104.75516822004974 3 126 127 126
-0.277 0.966 0.051 -15.98 73.74 1.0062236331949277 106.0002168870083 3 126 127 126
-0.293 0.955 0.053 -17.03 72.68 1.0003414417087797 107.05634246453009 3 126 127 126
-0.304 0.949 0.054 -17.74 71.98 0.997964428223772 107.762195279215 3 126 127 126
-0.306 0.953 0.068 -17.76 71.79 1.0032292858564287 107.80137203159761 3 126 127 126
-0.289 0.965 0.062 -16.64 72.97 1.00925219841227 106.67200463372913 3 126 127 126
-0.266 0.982 0.061 -15.13 74.47 1.0192158750725973 105.1563329741962 3 126 127 126
-0.261 0.982 0.065 -14.85 74.68 1.0181699268786129 104.88419738829128 3 126 127 126
-0.278 0.978 0.067 -15.83 73.7 1.0189489683001793 105.86799013943265 3 126 127 126
-0.308 0.964 0.07 -17.68 71.86 1.0144259460404195 107.71878887745162 3 126 127 126
-0.352 0.948 0.073 -20.32 69.23 1.0138722799248434 110.37036510267009 3 126 126 126
-0.38 0.938 0.072 -22 67.59 1.0146073132005307 112.05371954500112 3 126 126 126
-0.397 0.951 0.073 -22.6 67 1.0331209996897748 112.65835579957766 3 126 125 125
-0.429 0.979 0.075 -23.6 66.02 1.0714975501605217 113.66314070819436 3 126 125 125
-0.518 0.987 0.109 -27.55 61.79 1.1199883927969967 117.69150842396493 3 125 122 125
-0.564 0.993 0.115 -29.43 59.9 1.1477673980384702 119.59552802293858 3 125 120 125
-0.623 0.978 0.093 -32.38 57.22 1.1632978982186806 122.4977198672711 3 125 118 126
-0.674 0.904 0.099 -36.54 53 1.1319421363302986 126.70729920469049 3 125 117 127
-0.693 0.829 0.109 -39.65 49.76 1.08598848981009 129.89383327315025 3 126 117 128
-0.683 0.762 0.114 -41.56 47.74 1.0296256601309042 131.87068168922758 3 126 119 130
-0.639 0.713 0.169 -41.09 47.17 0.9722401966592411 131.86711438377526 3 126 120 132
-0.541 0.668 0.211 -37.68 49 0.8851135520372514 129.00332897870095 3 126 122 133
-0.253 0.704 0.211 -19 64.92 0.777268293448279 109.76716867679166 3 124 122 135
-0.186 0.75 0.204 -13.46 69.79 0.7991945945763147 103.9283419391537 -1 125 121 137
-0.095 0.773 0.155 -6.87 76.77 0.7940900452719453 97.00639171609306 -1 125 121 139
0.049 0.753 0.131 3.67 79.48 0.7658792332998722 86.27683870288332 1 125 121 139
0.242 0.683 0.135 19.17 67.92 0.7370739447301066 70.48978741680757 3 125 121 138
0.39 0.642 0.158 30.54 56.76 0.7676118810961696 58.72229713313355 3 125 122 137
0.53 0.576 0.189 41.16 45.67 0.8052310227506141 47.38163445690968 3 124 121 136
0.698 0.566 0.206 49.21 37.87 0.9219522764221584 39.03818989633934 3 124 119 136
0.777 0.575 0.25 51.1 35.16 0.9984257608856054 36.502394064864035 3 124 118 136
0.884 0.555 0.257 55.32 31.08 1.074955813045355 32.121755099474726 3 124 117 136
0.937 0.587 0.248 55.78 31.2 1.1331557704040518 32.06580438927558 3 123 117 136
0.73 0.676 0.261 45.21 41.09 1.0285898113436667 42.80053189993625 3 123 118 137
-0.305 0.951 0.12 -17.65 70.98 1.005895620827529 107.78182699851435 3 127 127 127
-0.308 0.953 0.118 -17.78 70.91 1.0084626914269066 107.91030999517855 3 126 127 127
-0.309 0.954 0.105 -17.85 71.11 1.0082767477235604 107.9471062927302 3 126 127 127
-0.306 0.953 0.102 -17.71 71.3 1.0061058592414618 107.80137203159761 3 126 127 127
-0.296 0.95 0.1 -17.22 71.8 1.0000579983180975 107.30593466474927 3 126 127 127
-0.281 0.95 0.098 -16.4 72.61 0.9955224758889173 106.47766251159379 3 126 127 127
-0.278 0.951 0.106 -16.2 72.63 0.9964542136997565 106.2949013812082 3 126 126 127
-0.269 0.943 0.109 -15.82 72.89 0.9866564751725901 105.92131867324093 3 126 126 127
-0.261 0.939 0.112 -15.43 73.17 0.9810127420171462 105.53355172487993 3 126 126 127
-0.256 0.936 0.113 -15.19 73.36 0.9769344911507629 105.29654731443009 3 126 126 127
-0.256 0.937 0.109 -15.18 73.46 0.9774384891132537 105.28098587038075 3 126 126 127
-0.26 0.939 0.111 -15.37 73.24 0.9806334687333489 105.476894399779 3 126 126 127
-0.264 0.939 0.11 -15.6 73.06 0.9815890178684763 105.70333659110406 3 126 126 127
-0.27 0.943 0.109 -15.88 72.84 0.9869295820878002 105.97748987852862 3 126 126 127
-0.271 0.94 0.108 -15.98 72.76 0.9842281239631389 106.0821589452708 3 126 126 127
-0.27 0.932 0.112 -16.05 72.59 0.9767640452023202 106.15627975432268 3 126 126 127
-0.267 0.926 0.116 -15.97 72.55 0.9706806890012802 106.0842251976057 3 126 126 127
-0.265 0.925 0.121 -15.86 72.52 0.9697891523418892 105.98629223909761 3 126 126 127
-0.265 0.925 0.121 -15.86 72.52 0.9697891523418892 105.98629223909761 3 126 126 127
-0.258 0.937 0.126 -15.26 72.96 0.9800045918259771 105.3947255061767 3 126 126 127
-0.252 0.947 0.133 -14.76 73.25 0.9889398363904651 104.90128727648415 3 126 126 127
-0.242 0.952 0.135 -14.13 73.77 0.9915104638883041 104.2625959871835 3 126 126 127
-0.239 0.949 0.137 -14 73.81 0.9881755916839882 104.13564125088516 3 126 126 127
-0.234 0.943 0.141 -13.79 73.84 0.9817769604141258 103.9361261318327 3 126 126 127
-0.23 0.934 0.136 -13.7 74.04 0.9714689907557523 103.83398991739716 3 126 126 127
-0.226 0.927 0.137 -13.56 74.09 0.9639367199147464 103.70126941748785 3 126 126 127
-0.226 0.921 0.136 -13.64 74.02 0.9580255737713894 103.78713295277358 3 126 126 127
-0.227 0.914 0.13 -13.81 74.03 0.9506971126494496 103.94771027104876 3 126 126 127
-0.235 0.913 0.129 -14.3 73.64 0.9515434829791017 104.43422678843498 3 126 126 127
-0.239 0.912 0.125 -14.55 73.52 0.9510467916984947 104.6847916099445 3 127 126 127
-0.242 0.917 0.125 -14.65 73.46 0.9565970938697232 104.78353734475253 3 127 126 127
-0.246 0.923 0.126 -14.79 73.33 0.9634941618920169 104.9236896470612 3 127 126 127
-0.249 0.931 0.122 -14.85 73.41 0.9714144326702173 104.97354360425048 3 127 126 127
-0.253 0.938 0.119 -14.98 73.4 0.9787818960320016 105.09477163003501 3 127 126 127
-0.254 0.951 0.12 -14.84 73.54 0.9916234164237954 104.95391404741392 3 127 126 127
-0.252 0.961 0.12 -14.59 73.8 1.0007122463525666 104.69366130435125 3 127 126 127
-0.241 0.973 0.111 -13.83 74.75 1.0085291269963401 103.91147666402036 3 127 126 127
-0.233 0.973 0.11 -13.38 75.17 1.0065376296989597 103.46677689661608 3 127 126 127
-0.225 0.97 0.107 -12.98 75.59 1.0014858960564548 103.05930902582533 3 127 126 127
-0.219 0.964 0.103 -12.73 75.91 0.9939144832428994 102.79912812156981 3 127 126 127
-0.214 0.956 0.103 -12.55 76.05 0.9850588814888174 102.61761863372705 3 127 126 127
-0.214 0.959 0.1 -12.51 76.16 0.9876623917108517 102.57940558054462 3 126 126 127
-0.218 0.962 0.1 -12.7 76 0.991447426745362 102.7682212730084 3 126 126 127
-0.221 0.963 0.096 -12.86 75.95 0.9926862545638475 102.92507256327012 3 126 126 127
-0.224 0.961 0.093 -13.06 75.84 0.9911336943117209 103.12082833148014 3 126 126 126
-0.223 0.957 0.091 -13.06 75.87 0.9868429459645541 103.11698745454395 3 126 126 126
-0.225 0.948 0.093 -13.29 75.6 0.9787635056539449 103.35163641457021 3 126 126 126
-0.226 0.922 0.096 -13.7 75.09 0.9541362586129929 103.77274914993707 3 126 126 126
-0.228 0.917 0.095 -13.89 74.92 0.9496831050408341 103.96271196374641 3 127 126 126
-0.231 0.915 0.099 -14.09 74.64 0.9488872430378649 104.16877009244585 3 127 126 126
-0.229 0.918 0.092 -13.94 74.95 0.9505940248076463 104.00686855149839 3 127 126 126
-0.225 0.933 0.088 -13.5 75.48 0.9637727948017625 103.55842772575781 3 127 126 126
-0.219 0.945 0.081 -13 76.12 0.9734202586755629 103.04774220971304 3 127 126 126
-0.219 0.96 0.074 -12.81 76.46 0.9874396184071206 102.85069072455025 3 126 126 126
-0.225 0.97 0.065 -13.03 76.43 0.9978727373768661 103.05930902582533 3 126 126 126
-0.256 0.972 0.051 -14.74 74.97 1.0064397647152066 104.75516822004974 3 126 127 126
-0.277 0.966 0.051 -15.98 73.74 1.0062236331949277 106.0002168870083 3 126 127 126
-0.293 0.955 0.053 -17.03 72.68 1.0003414417087797 107.05634246453009 3 126 127 126
-0.304 0.949 0.054 -17.74 71.98 0.997964428223772 107.762195279215 3 126 127 126
-0.306 0.953 0.068 -17.76 71.79 1.0032292858564287 107.80137203159761 3 126 127 126
-0.289 0.965 0.062 -16.64 72.97 1.00925219841227 106.67200463372913 3 126 127 126
-0.266 0.982 0.061 -15.13 74.47 1.0192158750725973 105.1563329741962 3 126 127 126
-0.261 0.982 0.065 -14.85 74.68 1.0181699268786129 104.88419738829128 3 126 127 126
-0.278 0.978 0.067 -15.83 73.7 1.0189489683001793 105.86799013943265 3 126 127 126
-0.308 0.964 0.07 -17.68 71.86 1.0144259460404195 107.71878887745162 3 126 127 126
-0.352 0.948 0.073 -20.32 69.23 1.0138722799248434 110.37036510267009 3 126 126 126
-0.38 0.938 0.072 -22 67.59 1.0146073132005307 112.05371954500112 3 126 126 126
-0.397 0.951 0.073 -22.6 67 1.0331209996897748 112.65835579957766 3 126 125 125
-0.429 0.979 0.075 -23.6 66.02 1.0714975501605217 113.66314070819436 3 126 125 125
-0.518 0.987 0.109 -27.55 61.79 1.1199883927969967 117.69150842396493 3 125 122 125
-0.564 0.993 0.115 -29.43 59.9 1.1477673980384702 119.59552802293858 3 125 120 125
-0.623 0.978 0.093 -32.38 57.22 1.1632978982186806 122.4977198672711 3 125 118 126
-0.674 0.904 0.099 -36.54 53 1.1319421363302986 126.70729920469049 3 125 117 127
-0.693 0.829 0.109 -39.65 49.76 1.08598848981009 129.89383327315025 3 126 117 128
-0.683 0.762 0.114 -41.56 47.74 1.0296256601309042 131.87068168922758 3 126 119 130
-0.639 0.713 0.169 -41.09 47.17 0.9722401966592411 131.86711438377526 3 126 120 132
-0.541 0.668 0.211 -37.68 49 0.8851135520372514 129.00332897870095 3 126 122 133
-0.253 0.704 0.211 -19 64.92 0.777268293448279 109.76716867679166 3 124 122 135
-0.186 0.75 0.204 -13.46 69.79 0.7991945945763147 103.9283419391537 -1 125 121 137
-0.095 0.773 0.155 -6.87 76.77 0.7940900452719453 97.00639171609306 -1 125 121 139
0.049 0.753 0.131 3.67 79.48 0.7658792332998722 86.27683870288332 1 125 121 139
0.242 0.683 0.135 19.17 67.92 0.7370739447301066 70.48978741680757 3 125 121 138
0.39 0.642 0.158 30.54 56.76 0.7676118810961696 58.72229713313355 3 125 122 137
0.53 0.576 0.189 41.16 45.67 0.8052310227506141 47.38163445690968 3 124 121 136
0.698 0.566 0.206 49.21 37.87 0.9219522764221584 39.03818989633934 3 124 119 136
0.777 0.575 0.25 51.1 35.16 0.9984257608856054 36.502394064864035 3 124 118 136
0.884 0.555 0.257 55.32 31.08 1.074955813045355 32.121755099474726 3 124 117 136
0.937 0.587 0.248 55.78 31.2 1.1331557704040518 32.06580438927558 3 123 117 136
0.73 0.676 0.261 45.21 41.09 1.0285898113436667 42.80053189993625 3 123 118 137
0.788 0.726 0.209 46.21 41.69 1.0916505851232803 42.6549837682255 3 124 119 137
0.82 0.806 0.179 44.8 43.84 1.1636481426960643 44.506690595199956 3 126 120 136
0.862 0.876 0.151 44.12 45.03 1.2382330152277479 45.4615210382045 3 127 121 135
1.014 0.896 0.125 48.26 41.25 1.3589102251436627 41.464753927147754 3 129 123 133
1.188 0.816 0.131 55.18 34.32 1.4471907268912414 34.483953615455206 3 129 127 127
1.217 0.77 0.126 57.34 32.18 1.4456365379997838 32.321674965223224 3 128 128 124
1.205 0.725 0.112 58.67 30.92 1.410742357767711 31.033629399280215 3 127 129 123
1.159 0.699 0.093 58.68 31.01 1.3566617117026631 31.094435985054144 3 127 130 121
1.109 0.688 0.075 58.03 31.76 1.3072298956189765 31.81458412778983 3 127 131 120
1.042 0.676 0.083 56.83 32.89 1.2448409536964953 32.973587756790934 3 127 131 119
0.947 0.657 0.092 54.99 34.63 1.1562534324273377 34.75174504220083 3 127 131 119
0.684 0.588 0.144 48.49 40.07 0.9134199472312831 40.68397248013437 3 126 132 119
0.545 0.556 0.181 42.99 44.07 0.7993259660488955 45.57241835203672 3 126 133 119
0.403 0.536 0.233 34.59 49.03 0.7099253481881036 53.061750725962945 3 126 134 119
0.329 0.53 0.236 29.56 52.62 0.6669610183511476 58.16986246994201 3 126 135 120
0.324 0.554 0.295 27.3 51.66 0.7063405694139336 59.6793011098128 3 128 136 119
0.218 0.748 0.282 15.25 64.52 0.8285843348748514 73.751561546685 1 129 137 119
0.144 1.048 0.488 7.1 64.1 1.164982403300582 82.17628926811474 1 131 138 117
0.086 0.852 0.285 5.47 70.74 0.902510387751853 84.23614563729981 1 132 138 118
-0.117 0.73 0.212 -8.75 71.65 0.7691118254194249 99.10558191552003 -1 130 136 116
-0.018 0.45 0.282 -1.94 57.87 0.5313642818255664 92.29061004263853 -1 129 133 114
0.117 -0.067 0.009 59.98 -29.72 0.1351258672497609 -29.797591290823853 3 127 131 114
-0.257 0.058 0.237 -46.49 9.42 0.354375507054311 167.2824872357816 2 128 132 118
