-0.033 0.989 -0.162 -1.89 80.51 1.002723291840775 91.91108138897697 -1 126 126 127
-0.036 0.992 -0.161 -2.05 80.56 1.0056246814791292 92.07837024536197 -1 126 126 127
-0.036 0.992 -0.161 -2.05 80.56 1.0056246814791292 92.07837024536197 -1 126 126 127
-0.034 0.994 -0.165 -1.93 80.38 1.0081750840007901 91.95905160532536 -1 126 127 127
-0.032 0.999 -0.165 -1.81 80.45 1.0130399794677405 91.83467292688375 -1 126 127 127
-0.028 1.006 -0.167 -1.57 80.45 1.0201514593431704 91.59430194095815 -1 126 126 127
-0.022 1.011 -0.172 -1.23 80.27 1.0257626431099935 91.24659569256582 -1 126 126 127
-0.023 1.016 -0.169 -1.28 80.47 1.030216482104611 91.2968286285464 -1 126 126 127
-0.022 1.013 -0.17 -1.23 80.4 1.0274010901298478 91.244135271069 -1 126 126 127
-0.023 1.013 -0.169 -1.28 80.44 1.027258000698948 91.30066786980944 -1 126 126 127
-0.022 1.012 -0.171 -1.23 80.33 1.0265812193879256 91.24536426676836 -1 126 126 127
-0.022 1.005 -0.164 -1.24 80.65 1.0185308046397026 91.25403568537791 -1 126 126 127
-0.023 1.003 -0.162 -1.3 80.73 1.016258825299933 91.31363112368243 -1 126 126 127
-0.019 0.996 -0.16 -1.08 80.81 1.0089484625093592 91.0928592249232 -1 126 126 127
-0.02 0.993 -0.156 -1.14 81 1.0053780383517437 91.15383754028778 -1 126 126 127
-0.016 0.989 -0.153 -0.92 81.16 1.0008926016311641 90.92684783326318 -1 126 126 127
-0.013 0.988 -0.154 -0.74 81.11 1.0000144998948763 90.75384833307078 -1 126 127 127
-0.01 0.989 -0.152 -0.57 81.24 1.0006622806921424 90.5793106880995 -1 126 127 127
-0.007 0.998 -0.157 -0.4 81.05 1.01029797584673 90.401867614916 -1 126 126 127
-0.007 1.001 -0.161 -0.4 80.85 1.0138890471841582 90.40066325579217 -1 126 126 127
-0.005 1.002 -0.166 -0.28 80.59 1.0156697297842443 90.28590471037677 -1 126 126 127
-0.004 1.004 -0.169 -0.23 80.44 1.0181321132348198 90.22826883015343 -1 127 126 127
-0.001 1.006 -0.167 -0.06 80.57 1.0197676205881416 90.05695403642311 -1 127 126 127
0.002 1.021 -0.172 0.11 80.44 1.0353883329456635 89.88776551179407 1 127 127 127
0.002 1.021 -0.172 0.11 80.44 1.0353883329456635 89.88776551179407 1 127 127 127
0.005 1.031 -0.177 0.27 80.25 1.0460951199580273 89.72213709827521 1 127 127 127
0.006 1.032 -0.181 0.33 80.05 1.0477695357281582 89.66688875607863 1 127 127 127
0.006 1.028 -0.187 0.33 79.69 1.0448870752382766 89.66559263275681 1 127 127 127
-0.002 1.02 -0.184 -0.11 79.77 1.0364651465437709 90.11234452173602 -1 127 128 127
-0.007 1.018 -0.187 -0.39 79.58 1.035056520195878 90.39397262825632 -1 127 128 127
-0.007 1.01 -0.196 -0.39 79.01 1.0288658804722801 90.39709310399621 -1 127 128 127
-0.003 1.014 -0.205 -0.17 78.57 1.034519212001401 90.16951364597709 -1 127 128 127
-0.002 1.02 -0.206 -0.11 78.58 1.0405959830789278 90.11234452173602 -1 127 128 127
0.007 1.014 -0.209 0.39 78.35 1.0353385919591718 89.60447328836493 1 127 128 127
0 1.019 -0.215 0 78.09 1.0414345874801738 90 -1 127 128 127
0.002 1.035 -0.227 0.11 77.63 1.0596027557533056 89.8892836556555 1 127 129 128
0.015 1.045 -0.238 0.8 77.15 1.071864730271502 89.17762902000182 1 128 129 128
0.015 1.047 -0.287 0.79 74.65 1.085726945414914 89.17919971410508 1 128 129 128
0.019 1.034 -0.316 1.01 72.98 1.0813755129463585 88.9472946696493 1 128 130 128
0.008 1.014 -0.375 0.42 69.7 1.0811498508532478 89.54797167048 1 127 130 129
0.021 0.997 -0.472 1.09 64.64 1.103283281845601 88.79334656065456 1 127 131 130
0.062 0.959 -0.627 3.1 56.7 1.147455445758135 86.30093695875756 1 127 131 131
0.172 0.913 -0.971 7.35 42.8 1.3438727618342445 79.33109552057665 1 128 133 133
0.236 0.918 -1.099 9.36 39.24 1.4512825362416513 75.58257222073729 1 128 133 132
0.265 0.927 -1.142 10.21 38.33 1.4945628123300805 74.04644114436488 1 129 133 132
0.313 0.949 -1.078 12.29 40.21 1.4699163241490993 71.74636632977699 1 129 132 130
0.338 0.957 -0.927 14.23 44.12 1.3745624758445867 70.54743945097333 1 128 131 128
0.357 0.905 -0.754 16.86 47.33 1.230849300280095 68.47199834254607 1 128 129 126
0.37 0.704 -0.29 25.92 56.27 0.846531747780318 62.27501279139914 -3 122 124 120
0.393 0.571 -0.09 34.21 54.77 0.6989921315723089 55.46167759035165 -3 119 120 118
0.398 0.49 0.171 37.48 48.52 0.6540221708780216 50.914946366431025 3 115 117 116
0.415 0.472 0.456 32.31 37.43 0.7764953316021932 48.676860237727986 1 112 114 116
0.473 0.44 0.706 29.62 27.37 0.9569561118463061 42.929969346958906 2 112 112 118
0.453 0.463 0.941 23.36 23.91 1.1423917891861792 45.62547492877487 1 113 112 121
