-0.02 0.921 -0.475 -1.11 62.7 1.036468040993064 91.24401250487759 -1 127 126 127
-0.022 0.925 -0.485 -1.21 62.31 1.0446693256720043 91.36245357143879 -1 127 126 127
-0.018 0.924 -0.514 -0.98 60.9 1.0574951536531978 91.11601039140729 -1 127 127 127
-0.026 0.926 -0.487 -1.42 62.23 1.0465758453165255 91.60831423492493 -1 127 126 127
-0.027 0.918 -0.525 -1.46 60.2 1.057864830684904 91.6846843178963 -1 127 127 127
-0.031 0.907 -0.539 -1.68 59.24 1.055524040465209 91.95752813930896 -1 128 127 126
-0.031 0.913 -0.536 -1.68 59.54 1.059162876992958 91.94467368046847 -1 127 127 126
-0.031 0.903 -0.537 -1.69 59.22 1.0510656497098552 91.96619256926652 -1 128 128 126
-0.04 0.887 -0.547 -2.2 58.27 1.0428700781976632 92.58205128711376 -1 128 128 126
-0.036 0.874 -0.55 -2 57.76 1.0332821492699853 92.35867590970194 -1 128 128 126
-0.038 0.865 -0.557 -2.12 57.16 1.0295231906081572 92.51542268473312 -1 128 128 126
-0.074 0.859 -0.591 -4.06 55.26 1.0452932602863179 94.9236853513322 -1 128 127 125
-0.067 0.858 -0.587 -3.69 55.45 1.0417398907596847 94.4650848933987 -1 128 127 125
-0.065 0.852 -0.583 -3.6 55.45 1.0344167438706702 94.36270585730105 -1 128 127 125
-0.071 0.861 -0.595 -3.88 55.16 1.0489933269568497 94.71407311560678 -1 127 127 125
-0.119 0.841 -0.575 -6.66 55.08 1.0257031734376179 98.05378434466165 -1 127 127 124
-0.061 0.848 -0.58 -3.4 55.48 1.0291865720072333 94.11442551609387 -1 128 127 125
-0.079 0.858 -0.606 -4.3 54.54 1.0533949876470838 95.26065285372461 -1 127 127 124
-0.103 0.816 -0.595 -5.82 53.5 1.0151305334783305 97.19414106820747 -1 127 127 125
-0.092 0.797 -0.626 -5.19 51.55 1.0176192804777238 96.58467328549851 -1 128 127 126
-0.107 0.809 -0.664 -5.84 50.26 1.0520579831929417 97.53432716011132 -1 128 127 126
-0.087 0.81 -0.662 -4.75 50.5 1.0497204389741108 96.13048873124073 -1 128 127 126
-0.064 0.808 -0.667 -3.5 50.33 1.0496899542245797 94.52882423693255 -1 128 127 126
-0.115 0.805 -0.666 -6.28 49.98 1.0510975216410703 98.13010235415598 -1 128 126 125
-0.121 0.788 -0.669 -6.68 49.21 1.0407430038198673 98.72977018417933 -1 127 125 125
-0.117 0.797 -0.667 -6.42 49.65 1.0458427224014135 98.35139815495253 -1 127 126 124
-0.123 0.782 -0.673 -6.8 48.82 1.0390293547345042 98.93876164112812 -1 127 125 125
-0.129 0.776 -0.671 -7.17 48.64 1.0339526101325922 99.4383741302089 -1 127 125 125
-0.103 0.816 -0.595 -5.82 53.5 1.0151305334783305 97.19414106820747 -1 127 127 125
-0.18 0.797 -0.657 -9.89 49.48 1.0484550538768937 102.72656216978656 -1 125 124 126
-0.162 0.777 -0.658 -9.04 48.91 1.0309883607490435 101.7771226938244 -1 126 124 126
-0.19 0.797 -0.656 -10.43 49.41 1.0495927781763745 103.4086948979776 -1 125 124 127
-0.14 0.774 -0.668 -7.8 48.59 1.0319399207318225 100.25272387271639 -1 126 125 125
-0.188 0.798 -0.66 -10.29 49.31 1.0524960807527979 103.25652655802071 -1 125 125 127
-0.2 0.804 -0.65 -10.95 49.77 1.0530508059918098 103.96915242187718 -1 125 126 127
-0.191 0.801 -0.66 -10.43 49.38 1.0553113284713664 103.41183701252828 -1 125 125 127
-0.202 0.793 -0.648 -11.16 49.44 1.0438184708080234 104.29096517230292 -1 125 126 127
-0.154 0.776 -0.66 -8.6 48.87 1.0302873385614326 101.22471323168614 -1 126 125 125
-0.201 0.802 -0.641 -11.08 50.05 1.0461768492946115 104.06985788443538 -1 125 126 127
-0.178 0.816 -0.602 -9.96 52.43 1.029535817735352 102.30557852886751 -1 125 127 128
-0.211 0.804 -0.631 -11.66 50.39 1.043598581831156 104.70497037554792 -1 125 126 127
-0.189 0.816 -0.608 -10.52 52.04 1.035007729439737 103.04076103389669 -1 125 127 128
-0.198 0.812 -0.616 -10.99 51.45 1.0382697144769273 103.70371220733159 -1 125 127 127
-0.171 0.817 -0.605 -9.55 52.42 1.030900092152484 101.82148834060726 -1 125 128 128
-0.165 0.822 -0.603 -9.19 52.75 1.0327235835401456 101.35014003199062 -1 126 128 128
-0.149 0.833 -0.599 -8.26 53.46 1.0367695018662537 100.14133501678732 -1 126 127 128
-0.157 0.828 -0.602 -8.72 53.08 1.035681900971529 100.73659379928408 -1 126 128 128
-0.131 0.84 -0.594 -7.26 54.09 1.037109926671228 98.86401247453671 -1 126 127 128
-0.107 0.845 -0.592 -5.92 54.55 1.0372743128025488 97.21679631622007 -1 126 127 128
-0.118 0.841 -0.592 -6.55 54.33 1.0352144705325557 97.98698246986119 -1 126 127 128
-0.25 0.941 -0.322 -14.11 66.58 1.0255071915886305 104.87834799627875 -1 125 131 125
-0.262 0.959 -0.303 -14.6 67.33 1.0392949533217217 105.28039253446356 -1 127 130 126
-0.276 0.958 -0.296 -15.39 67.1 1.0399788459387047 106.07170218188324 -1 127 130 126
-0.272 0.95 -0.3 -15.27 66.91 1.0327071220825388 105.9772534342054 -1 126 131 126
-0.246 0.964 -0.306 -13.67 67.84 1.0408880823604427 104.31559659081634 -1 127 129 126
-0.19 0.978 -0.393 -10.22 65.95 1.0709962651662237 100.99413216287796 -1 128 128 126
-0.207 0.975 -0.367 -11.24 66.63 1.0621501777055822 101.98635653037483 -1 127 129 126
-0.19 0.978 -0.393 -10.22 65.95 1.0709962651662237 100.99413216287796 -1 128 128 126
-0.192 0.957 -0.385 -10.54 65.79 1.0492559268357744 101.34446880468562 -1 128 128 126
-0.187 0.943 -0.375 -10.44 66.04 1.0319123024753605 101.21642659291646 -1 128 128 126
-0.198 0.915 -0.359 -11.39 65.86 1.0026514848141403 102.21016918940833 -1 128 127 126
-0.197 0.917 -0.362 -11.3 65.8 1.0053566531336031 102.12462307003217 -1 128 127 126
-0.194 0.911 -0.363 -11.19 65.69 0.9996629431963556 102.02171960519654 -1 129 127 127
-0.19 0.909 -0.367 -10.97 65.55 0.9985339253125054 101.8060398135251 -1 129 127 127
-0.188 0.932 -0.377 -10.59 65.68 1.0227888345108194 101.40447987914703 -1 128 127 126
-0.177 0.906 -0.378 -10.22 65.26 0.9975214283412662 101.05431246408118 -1 128 128 128
-0.116 0.865 -0.453 -6.77 61.6 0.983305649327817 97.63802624779461 -1 127 128 127
-0.162 0.885 -0.397 -9.48 64.15 0.9834012405930755 100.37319809695907 -1 128 128 128
-0.1 0.869 -0.495 -5.71 59.84 1.005080096310737 96.56442607196436 -1 127 127 127
-0.104 0.863 -0.474 -6.03 60.65 0.9900813097922816 96.87156920563955 -1 127 128 127
-0.093 0.882 -0.503 -5.23 59.89 1.0195989407605326 96.01915039427115 -1 127 127 127
-0.1 0.911 -0.505 -5.48 60.53 1.0463966743066417 96.26424847496666 -1 126 127 127
-0.107 0.895 -0.501 -5.96 60.21 1.0312492424239643 96.81752853432401 -1 126 127 127
-0.103 0.905 -0.505 -5.68 60.34 1.0414696346989671 96.49301717752759 -1 126 127 127
-0.1 0.921 -0.505 -5.44 60.8 1.0551142118273265 96.19676477529175 -1 126 127 127
-0.095 0.915 -0.507 -5.19 60.59 1.0503804072810956 95.92750419239017 -1 126 127 127
-0.109 0.922 -0.506 -5.92 60.69 1.0573556639087909 96.74228470358439 -1 126 127 127
-0.108 0.92 -0.506 -5.87 60.65 1.0555093557141026 96.69538277690486 -1 126 127 127
-0.111 0.911 -0.503 -6.09 60.52 1.0465424023898888 96.94691137739143 -1 126 127 127
-0.118 0.9 -0.491 -6.57 60.7 1.0319907945325868 97.46950718248421 -1 126 127 127
-0.118 0.907 -0.493 -6.52 60.8 1.0390486032905293 97.41250293030348 -1 126 127 127
-0.117 0.902 -0.485 -6.52 61.05 1.0307851376499373 97.39067058918103 -1 126 127 127
-0.095 0.914 -0.481 -5.26 61.79 1.0371991129961498 95.93394317697124 -1 126 127 128
-0.058 0.947 -0.474 -3.13 63.24 1.0605889873084673 93.50476177509566 -1 126 127 128
-0.112 0.904 -0.479 -6.25 61.45 1.0291749122476703 97.06260267041577 -1 126 127 128
0.024 0.992 -0.458 1.26 65.19 1.092887917400499 88.61408214918782 1 126 127 128
0.14 1.064 -0.436 6.94 66.71 1.158357457782355 82.50414236027014 1 126 128 129
0.493 1.234 -0.448 20.58 61.64 1.4023227160678813 68.2226105427803 -3 125 127 131
0.792 1.247 -0.521 30.37 52.76 1.566433528752497 57.57937766911196 -3 124 125 131
0.839 1.154 -0.544 33.33 49.09 1.5269489185955107 53.981484047503315 -3 124 123 129
0.3 1.151 -0.432 13.71 65.44 1.265474219413418 75.39128512684664 1 126 128 130
0.839 0.993 -0.601 35.86 43.9 1.4321909788851483 49.80505158830457 -3 123 121 128
0.37 0.636 -0.438 25.6 47.96 0.8562943419175442 59.810824530690326 1 121 120 125
0.65 0.801 -0.525 34.16 43.79 1.1574653342541192 50.94116627322169 -3 122 120 126
-0.305 0.446 -0.364 -27.91 43.2 0.6514882961343205 124.36652630313529 -1 119 124 122
-0.888 0.448 -0.268 -59.55 25.78 1.0300834917617114 153.22884978553788 -3 119 130 119
-1.057 0.545 -0.249 -60.45 26.65 1.2150205759574608 152.72390570216314 -3 121 132 120
-1.228 0.658 -0.205 -60.7 27.86 1.4081807412402714 151.81623107869206 -3 124 131 122
0.037 0.522 -0.391 3.25 53.04 0.6532488040555451 85.9455858198067 1 120 121 123
-1.366 0.747 -0.233 -60.19 28.33 1.5742471216425966 151.3278625144218 -3 127 129 126
