-0.512 0.82 -0.31 -30.29 53.87 1.0152063829586573 121.98025348183826 -3 126 126 127
-0.513 0.824 -0.312 -30.21 53.92 1.0195533335730897 121.90527055773202 -3 126 126 127
-0.511 0.829 -0.314 -29.96 54.12 1.0232096559356738 121.64990072990878 -3 126 126 127
-0.51 0.832 -0.316 -29.81 54.2 1.0257582561208074 121.50749628796879 -3 126 126 127
-0.502 0.837 -0.315 -29.31 54.7 1.0255720355001885 120.95368874452768 -3 126 126 127
-0.486 0.841 -0.316 -28.41 55.42 1.0214367332341243 120.02290741527915 -3 126 126 127
-0.481 0.837 -0.313 -28.29 55.56 1.0148393961607916 119.88475250961044 -3 126 126 127
-0.473 0.834 -0.317 -27.93 55.68 1.0098386009655207 119.55957864575223 -3 126 126 127
-0.467 0.833 -0.317 -27.65 55.88 1.0062141919094563 119.27604722159721 -3 126 126 127
-0.465 0.829 -0.318 -27.64 55.8 1.0022923725141282 119.28879768349546 -3 126 126 127
-0.463 0.824 -0.323 -27.62 55.58 0.9988363229278359 119.33133626403936 -3 126 126 127
-0.461 0.821 -0.323 -27.59 55.56 0.9954350807561485 119.31466155591077 -3 126 126 127
-0.462 0.82 -0.322 -27.67 55.52 0.9947502199044743 119.39754687787678 -3 126 126 127
-0.464 0.825 -0.317 -27.7 55.74 0.9982033860892279 119.35445613375298 -3 126 126 127
-0.468 0.829 -0.317 -27.8 55.71 1.0033713171104703 119.44627407472052 -3 126 126 127
-0.471 0.836 -0.317 -27.78 55.82 1.0105572720039175 119.39678557502499 -3 126 126 127
-0.475 0.839 -0.319 -27.89 55.71 1.0155328650516438 119.51637753416463 -3 126 126 127
-0.476 0.838 -0.318 -27.97 55.66 1.0148615669144239 119.59740213870269 -3 126 126 127
-0.476 0.836 -0.319 -28.01 55.57 1.01352503669125 119.65623395223614 -3 126 126 127
-0.474 0.834 -0.321 -27.94 55.53 1.0115695724961284 119.61153216724104 -3 126 126 127
-0.47 0.827 -0.313 -27.99 55.67 1.0013980227661725 119.61040194664754 -3 126 126 126
-0.473 0.826 -0.308 -28.22 55.65 1.0004344056458674 119.79714482904464 -3 126 126 126
-0.473 0.827 -0.308 -28.19 55.69 1.0012602059404938 119.76725954584197 -3 126 126 126
-0.476 0.828 -0.302 -28.37 55.75 1.0016805878123025 119.89370116879924 -3 126 126 126
-0.479 0.829 -0.3 -28.52 55.71 1.00333543742858 120.01951889326367 -3 126 126 126
-0.477 0.834 -0.301 -28.28 55.93 1.006819745535416 119.76707176040014 -3 126 126 126
-0.478 0.834 -0.3 -28.34 55.91 1.0069955312711174 119.81881129399417 -3 126 126 126
-0.482 0.834 -0.302 -28.52 55.71 1.0094969044033766 120.02523440606447 -3 126 126 126
-0.483 0.838 -0.303 -28.46 55.77 1.0135788079868284 119.95795771986354 -3 126 126 126
-0.489 0.839 -0.301 -28.75 55.61 1.0166823496058146 120.23520234887887 -3 126 126 126
-0.495 0.838 -0.303 -29.05 55.29 1.0193517547932118 120.5700119990993 -3 126 126 126
-0.499 0.84 -0.288 -29.33 55.55 1.0185995287648626 120.71232853603783 -3 126 126 127
-0.505 0.846 -0.284 -29.51 55.59 1.0253765162124593 120.8341057292251 -3 126 126 127
-0.516 0.85 -0.278 -29.98 55.41 1.0324921307206172 121.260213594203 -3 126 126 127
-0.534 0.852 -0.268 -30.87 54.96 1.0406171245948241 122.0778635989121 -3 126 126 127
-0.564 0.85 -0.271 -32.3 53.64 1.0554795118807376 123.56544394978154 -3 126 126 126
-0.716 0.859 -0.308 -38.12 47.78 1.1599142209663609 129.81213117690714 -3 125 124 127
-0.826 0.862 -0.345 -41.66 43.92 1.2427167818936058 133.7782373093698 -3 126 124 127
-0.911 0.863 -0.381 -44 41.15 1.3114308979126579 136.54990223448007 -3 126 123 127
-0.976 0.851 -0.428 -45.7 38.61 1.3638038715299206 138.91397293199427 -3 126 123 128
-1.004 0.816 -0.452 -47.1 36.54 1.3704656143077798 140.89754846543767 -3 127 123 130
-0.964 0.763 -0.443 -47.53 35.72 1.306795316796016 141.63860456590479 -3 127 123 131
-0.89 0.698 -0.422 -47.5 35.32 1.207223260213288 141.89398623200634 -3 128 123 132
-0.669 0.561 -0.321 -45.99 37.09 0.9302273915554198 140.01797963863456 -3 127 124 135
-0.531 0.506 -0.277 -42.63 40.19 0.784044641586179 136.38101936738568 -3 127 124 137
-0.384 0.473 -0.238 -35.95 46.31 0.6540863857320377 129.07105005801037 -3 126 124 137
-0.203 0.478 -0.2 -21.39 59.2 0.5565006738540395 113.01026119602614 -3 125 124 138
-0.071 0.528 -0.188 -7.22 69.16 0.5649504403042802 97.65860538811592 -1 124 123 138
0.042 0.608 -0.177 3.79 73.34 0.6346313890755798 86.04834551861771 1 123 122 139
0.132 0.706 -0.178 10.28 72.57 0.7399621611947464 79.40974727660756 1 122 122 139
0.217 0.788 -0.162 15.1 71.03 0.8332328606098058 74.60347124725276 -3 122 122 139
0.359 0.876 -0.148 22 66.09 0.9582071801025079 67.71533039292798 -3 122 123 138
0.447 0.9 -0.125 26.19 62.72 1.0126371512047145 63.587941194987586 -3 122 123 137
-0.512 0.82 -0.31 -30.29 53.87 1.0152063829586573 121.98025348183826 -3 126 126 127
-0.513 0.824 -0.312 -30.21 53.92 1.0195533335730897 121.90527055773202 -3 126 126 127
-0.511 0.829 -0.314 -29.96 54.12 1.0232096559356738 121.64990072990878 -3 126 126 127
-0.51 0.832 -0.316 -29.81 54.2 1.0257582561208074 121.50749628796879 -3 126 126 127
-0.502 0.837 -0.315 -29.31 54.7 1.0255720355001885 120.95368874452768 -3 126 126 127
-0.486 0.841 -0.316 -28.41 55.42 1.0214367332341243 120.02290741527915 -3 126 126 127
-0.481 0.837 -0.313 -28.29 55.56 1.0148393961607916 119.88475250961044 -3 126 126 127
-0.473 0.834 -0.317 -27.93 55.68 1.0098386009655207 119.55957864575223 -3 126 126 127
-0.467 0.833 -0.317 -27.65 55.88 1.0062141919094563 119.27604722159721 -3 126 126 127
-0.465 0.829 -0.318 -27.64 55.8 1.0022923725141282 119.28879768349546 -3 126 126 127
-0.463 0.824 -0.323 -27.62 55.58 0.9988363229278359 119.33133626403936 -3 126 126 127
-0.461 0.821 -0.323 -27.59 55.56 0.9954350807561485 119.31466155591077 -3 126 126 127
-0.462 0.82 -0.322 -27.67 55.52 0.9947502199044743 119.39754687787678 -3 126 126 127
-0.464 0.825 -0.317 -27.7 55.74 0.9982033860892279 119.35445613375298 -3 126 126 127
-0.468 0.829 -0.317 -27.8 55.71 1.0033713171104703 119.44627407472052 -3 126 126 127
-0.471 0.836 -0.317 -27.78 55.82 1.0105572720039175 119.39678557502499 -3 126 126 127
-0.475 0.839 -0.319 -27.89 55.71 1.0155328650516438 119.51637753416463 -3 126 126 127
-0.476 0.838 -0.318 -27.97 55.66 1.0148615669144239 119.59740213870269 -3 126 126 127
-0.476 0.836 -0.319 -28.01 55.57 1.01352503669125 119.65623395223614 -3 126 126 127
-0.474 0.834 -0.321 -27.94 55.53 1.0115695724961284 119.61153216724104 -3 126 126 127
-0.47 0.827 -0.313 -27.99 55.67 1.0013980227661725 119.61040194664754 -3 126 126 126
-0.473 0.826 -0.308 -28.22 55.65 1.0004344056458674 119.79714482904464 -3 126 126 126
-0.473 0.827 -0.308 -28.19 55.69 1.0012602059404938 119.76725954584197 -3 126 126 126
-0.476 0.828 -0.302 -28.37 55.75 1.0016805878123025 119.89370116879924 -3 126 126 126
-0.479 0.829 -0.3 -28.52 55.71 1.00333543742858 120.01951889326367 -3 126 126 126
-0.477 0.834 -0.301 -28.28 55.93 1.006819745535416 119.76707176040014 -3 126 126 126
-0.478 0.834 -0.3 -28.34 55.91 1.0069955312711174 119.81881129399417 -3 126 126 126
-0.482 0.834 -0.302 -28.52 55.71 1.0094969044033766 120.02523440606447 -3 126 126 126
-0.483 0.838 -0.303 -28.46 55.77 1.0135788079868284 119.95795771986354 -3 126 126 126
-0.489 0.839 -0.301 -28.75 55.61 1.0166823496058146 120.23520234887887 -3 126 126 126
-0.495 0.838 -0.303 -29.05 55.29 1.0193517547932118 120.5700119990993 -3 126 126 126
-0.499 0.84 -0.288 -29.33 55.55 1.0185995287648626 120.71232853603783 -3 126 126 127
-0.505 0.846 -0.284 -29.51 55.59 1.0253765162124593 120.8341057292251 -3 126 126 127
-0.516 0.85 -0.278 -29.98 55.41 1.0324921307206172 121.260213594203 -3 126 126 127
-0.534 0.852 -0.268 -30.87 54.96 1.0406171245948241 122.0778635989121 -3 126 126 127
-0.564 0.85 -0.271 -32.3 53.64 1.0554795118807376 123.56544394978154 -3 126 126 126
-0.716 0.859 -0.308 -38.12 47.78 1.1599142209663609 129.81213117690714 -3 125 124 127
-0.826 0.862 -0.345 -41.66 43.92 1.2427167818936058 133.7782373093698 -3 126 124 127
-0.911 0.863 -0.381 -44 41.15 1.3114308979126579 136.54990223448007 -3 126 123 127
-0.976 0.851 -0.428 -45.7 38.61 1.3638038715299206 138.91397293199427 -3 126 123 128
-1.004 0.816 -0.452 -47.1 36.54 1.3704656143077798 140.89754846543767 -3 127 123 130
-0.964 0.763 -0.443 -47.53 35.72 1.306795316796016 141.63860456590479 -3 127 123 131
-0.89 0.698 -0.422 -47.5 35.32 1.207223260213288 141.89398623200634 -3 128 123 132
-0.669 0.561 -0.321 -45.99 37.09 0.9302273915554198 140.01797963863456 -3 127 124 135
-0.531 0.506 -0.277 -42.63 40.19 0.784044641586179 136.38101936738568 -3 127 124 137
-0.384 0.473 -0.238 -35.95 46.31 0.6540863857320377 129.07105005801037 -3 126 124 137
-0.203 0.478 -0.2 -21.39 59.2 0.5565006738540395 113.01026119602614 -3 125 124 138
-0.071 0.528 -0.188 -7.22 69.16 0.5649504403042802 97.65860538811592 -1 124 123 138
0.042 0.608 -0.177 3.79 73.34 0.6346313890755798 86.04834551861771 1 123 122 139
0.132 0.706 -0.178 10.28 72.57 0.7399621611947464 79.40974727660756 1 122 122 139
0.217 0.788 -0.162 15.1 71.03 0.8332328606098058 74.60347124725276 -3 122 122 139
0.359 0.876 -0.148 22 66.09 0.9582071801025079 67.71533039292798 -3 122 123 138
0.447 0.9 -0.125 26.19 62.72 1.0126371512047145 63.587941194987586 -3 122 123 137
0.524 0.923 -0.105 29.43 59.93 1.0665505145092755 60.41581697378474 -3 122 124 136
0.582 0.928 -0.117 31.89 57.39 1.1016337867004626 57.9059065403506 -3 123 124 135
0.613 0.898 -0.091 34.18 55.39 1.0910792821788893 55.681458058579906 -3 123 124 134
0.636 0.868 -0.059 36.17 53.65 1.0776831630864425 53.76906225314761 -3 123 124 133
0.687 0.841 0.006 39.24 50.75 1.0859493542518452 50.75514083839461 3 123 124 133
0.724 0.858 0.082 40.03 49.66 1.1256393738671369 49.841562464286774 3 123 124 133
0.868 0.948 0.148 42.13 47.11 1.293843885482325 47.52241228343947 3 124 125 131
0.969 0.99 0.147 44.07 45.29 1.3930793229389344 45.61417319279424 3 125 126 129
1.043 1.024 0.112 45.36 44.31 1.4659362196221224 44.47334825754134 3 126 127 128
1.099 1.055 0.076 46.1 43.76 1.5253202942333128 43.82977542198355 3 127 127 125
1.129 1.063 0.047 46.7 43.25 1.5513926002144007 43.275374399265104 3 129 128 123
1.13 1.062 0.053 46.74 43.19 1.551629143835601 43.22314602674996 3 130 128 120
1.076 1.009 0.044 46.81 43.14 1.4757347322605103 43.15947400085602 3 131 128 118
0.921 0.824 0.016 48.18 41.81 1.2359097863517385 41.818351370614266 3 132 128 115
0.811 0.734 0.003 47.85 42.15 1.093840024866525 42.14684289007373 3 132 127 114
0.715 0.663 -0.117 46.72 42.46 0.9820809538933133 42.83892051177363 -3 132 127 114
0.53 0.658 -0.142 38.21 50.18 0.8567543405200816 51.149559541538366 -3 133 127 114
0.342 0.642 -0.164 27.3 59.43 0.7456701683720491 61.955313052025204 -3 132 127 115
0.161 0.619 -0.196 13.93 67.72 0.6689529131411268 75.42058187301816 1 131 127 114
-0.064 0.598 -0.268 -5.58 65.26 0.6584253944069897 96.10873741379997 -1 129 128 114
-0.343 0.558 -0.239 -29.47 53.16 0.6972331030580806 121.57884862815702 -3 127 129 114
-0.725 0.52 -0.377 -48.46 32.47 0.9685835018210871 144.3503436284238 -3 125 132 116
-0.863 0.594 -0.4 -50.31 31.98 1.121429890809051 145.4604941437242 -3 125 133 118
