-0.182 0.923 -0.091 -11.1 77.57 0.9451634779232638 101.1546597389283 -3 127 128 123
-0.218 0.942 -0.088 -12.98 75.99 0.9708923730259703 103.03014905372608 -3 127 128 124
-0.27 1.021 -0.11 -14.73 74.06 1.0618102467013586 104.81259718967706 -3 128 125 126
-0.296 1.038 -0.125 -15.81 72.8 1.0865933001818113 105.91623032466208 -3 128 124 126
-0.272 1.028 -0.129 -14.71 73.68 1.071171788276745 104.82035207952204 -3 128 124 126
-0.246 1.009 -0.134 -13.59 74.48 1.047164266006055 103.70173197495718 -3 128 123 127
-0.217 0.986 -0.117 -12.33 75.96 1.0163532850342936 102.4118525846607 -3 128 123 127
-0.191 0.981 -0.102 -10.96 77.55 1.004612363053531 101.01760960479167 -3 127 123 127
-0.175 0.978 -0.09 -10.1 78.62 0.9976016238960319 100.14494688704843 -3 127 124 128
-0.193 0.974 -0.101 -11.15 77.39 0.9980611203728957 101.20808347688865 -3 127 125 128
-0.209 0.97 -0.119 -12.07 76.07 0.999370802054973 102.15928386554127 -3 126 125 128
-0.203 0.966 -0.123 -11.78 76.2 0.9947331300404143 101.86773189756609 -3 126 125 128
-0.204 0.963 -0.137 -11.84 75.69 0.9938581387703177 101.96060373028787 -3 126 125 128
-0.193 0.964 -0.145 -11.2 75.94 0.993765565915825 101.3213619132289 -3 126 126 128
-0.185 0.962 -0.153 -10.75 75.99 0.9915028996427594 100.88552705465874 -3 126 126 128
-0.171 0.965 -0.156 -9.92 76.51 0.9923719060916628 100.04861990304038 -3 126 126 128
-0.158 0.986 -0.16 -8.99 77.15 1.0113159743621178 99.10387452665353 -1 126 126 128
-0.15 0.996 -0.158 -8.46 77.66 1.0195489198660357 98.56451864257559 -1 126 126 128
-0.137 1.009 -0.152 -7.65 78.54 1.0295406742814972 97.7322213923214 -1 127 126 128
-0.122 1.017 -0.143 -6.77 79.53 1.0342253139427597 96.8405518710279 -1 127 126 127
-0.115 1.019 -0.139 -6.38 79.96 1.0348463654088949 96.4389136460832 -1 127 126 127
-0.113 1.015 -0.134 -6.3 80.2 1.0300242715586851 96.3525827014938 -1 127 126 127
-0.113 1.007 -0.135 -6.35 80.08 1.022273446784176 96.40263263173208 -1 126 126 127
-0.125 0.995 -0.142 -7.09 79.23 1.0128247627304539 97.16044972689113 -1 126 126 126
-0.131 0.986 -0.144 -7.49 78.83 1.0050338302763744 97.5679977116902 -1 126 126 126
-0.142 0.981 -0.147 -8.15 78.23 1.0020648681597413 98.23637204734347 -1 126 126 126
-0.156 0.976 -0.149 -8.98 77.54 0.9995564016102343 99.08111838836946 -3 126 126 126
-0.173 0.973 -0.144 -9.98 76.97 0.9986961499875725 100.08186646325585 -3 126 126 126
-0.194 0.987 -0.133 -11.02 76.6 1.0146398375778471 101.12002709579578 -3 126 126 126
-0.199 1.005 -0.131 -11.11 76.66 1.0328538134702314 101.2002546226997 -3 126 126 126
-0.202 1.022 -0.127 -11.1 76.86 1.0494841590038413 101.18049945734417 -3 126 126 126
-0.195 1.037 -0.128 -10.57 77.32 1.0629101561279766 100.64967576683627 -3 126 126 126
-0.185 1.052 -0.136 -9.89 77.69 1.076765991290587 99.97379934155319 -3 126 126 126
-0.168 1.065 -0.146 -8.88 78.2 1.0880096506924926 98.96433849409307 -3 126 126 126
-0.158 1.064 -0.156 -8.36 78.21 1.0869204202700398 98.44648393200436 -3 126 126 126
-0.149 1.054 -0.226 -7.87 75.6 1.0882063223488458 98.04637004035692 -1 126 126 126
-0.144 1.053 -0.303 -7.49 72.33 1.1051488587516163 97.78701795463246 -1 126 126 126
-0.145 1.061 -0.394 -7.3 68.41 1.141044258563181 97.78203401880404 -1 127 126 127
-0.136 1.092 -0.53 -6.39 63.39 1.22141720963805 97.09918416872557 -1 127 126 127
-0.124 1.135 -0.732 -5.25 56.81 1.3562540322520704 96.23489930125625 -1 126 125 127
-0.092 1.137 -0.903 -3.63 51.4 1.4548683789264238 94.62599193196965 -1 126 124 127
-0.054 1.047 -0.947 -2.19 47.82 1.4127752829094937 92.95246710887369 -1 127 122 127
-0.058 0.949 -0.863 -2.59 47.65 1.284030373472528 93.49739390731324 -1 127 121 128
-0.153 0.802 -0.51 -9.15 56.42 0.9626593374605578 100.80071123353768 -1 125 120 130
-0.187 0.764 -0.336 -12.63 63.28 0.8553133928566768 103.75356538154807 -1 122 120 129
-0.228 0.72 -0.172 -17.12 68.36 0.7745760130548841 107.57125877832244 -3 121 121 129
-0.149 0.66 -0.028 -12.71 77.06 0.6771890430300833 102.72169113724436 -3 120 122 128
0.106 0.643 0.53 7.25 49.95 0.839991071381119 80.63885590491482 1 119 123 128
0.15 0.706 0.818 7.9 40.33 1.0908987120718403 78.00504193481711 1 120 124 128
0.245 0.851 1.055 10.25 38.16 1.3774073471562434 73.93907065342029 1 120 125 128
0.283 1.017 1.229 10.06 38.88 1.6201293158263632 74.44974114158464 1 120 126 127
0.237 1.14 1.302 7.8 40.74 1.7467034665334582 78.2557975739753 1 123 127 127
