0.179 0.981 -0.217 10.1 74 1.0205346637914854 79.65917986508543 1 127 126 129
0.156 0.974 -0.195 8.93 75.62 1.005503356533433 80.90054621059065 1 126 125 128
0.142 0.974 -0.198 8.13 75.96 1.0040139441262756 81.70525505443656 1 126 124 128
0.167 0.98 -0.203 9.47 74.99 1.0146418087187221 80.32922705807933 1 126 126 128
0.214 0.96 -0.224 12.25 72.12 1.0087477385352592 77.43328154681343 1 127 126 128
0.221 0.949 -0.231 12.75 71.38 1.001400519272883 76.89079180184571 1 127 126 127
0.205 0.97 -0.214 11.66 73.01 1.014258842702394 78.06669590744993 1 127 127 129
0.238 0.959 -0.22 13.6 71.33 1.0122870146356713 76.06220279174576 -3 127 126 127
0.25 0.982 -0.245 13.87 70.38 1.0425205033954967 75.71691171388173 -3 127 126 126
0.244 0.97 -0.234 13.74 70.79 1.0272253890943313 75.8803970668651 -3 126 126 126
0.237 0.977 -0.254 13.21 70.43 1.0369252624948435 76.3646131052045 1 127 126 127
0.247 0.986 -0.244 13.67 70.6 1.0453425275956203 75.93641423898656 -3 127 126 126
0.236 0.985 -0.253 13.06 70.65 1.043997126432827 76.52626886071056 1 126 126 126
0.233 0.976 -0.251 13.02 70.66 1.0343432699060793 76.57311578928746 1 126 126 126
0.236 0.99 -0.266 12.96 70.24 1.0519277541732608 76.59185478750827 1 126 126 126
0.232 0.979 -0.253 12.92 70.68 1.0374362631024616 76.6681773434536 1 126 126 126
0.228 0.985 -0.268 12.59 70.34 1.045960324295334 76.96715487840015 1 126 126 126
0.217 0.972 -0.274 12.13 70.22 1.0329322339824623 77.41503221129315 1 127 126 126
0.222 0.971 -0.257 12.46 70.72 1.0286758478743436 77.12179406805714 1 127 126 126
0.214 0.969 -0.258 12.05 70.92 1.0253394559851874 77.5463424668113 1 127 126 126
0.224 0.981 -0.268 12.42 70.4 1.0413265578097968 77.13768607646615 1 126 126 126
0.22 0.976 -0.26 12.29 70.76 1.033719497736209 77.29726808239477 1 127 126 126
0.213 0.971 -0.261 11.96 70.87 1.0277796456439483 77.62748153636512 1 127 126 126
0.205 0.965 -0.256 11.6 71.23 1.0192085164479348 78.00665127641302 1 127 126 126
0.21 0.967 -0.262 11.84 70.85 1.0236371427415087 77.7475262546401 1 127 126 126
0.205 0.964 -0.262 11.6 70.96 1.0197867424123537 77.99457083227767 1 127 126 126
0.207 0.969 -0.261 11.65 71.03 1.0246614074902987 77.94159042044635 1 126 126 126
0.188 0.968 -0.253 10.64 71.96 1.0180260311013662 79.0091338033945 1 126 126 126
0.202 0.969 -0.262 11.38 71.15 1.0239184537842847 78.2246276039695 1 126 126 126
0.184 0.968 -0.254 10.42 72.05 1.0175441022383256 79.23746277685754 1 126 126 126
0.184 0.967 -0.256 10.42 71.94 1.017094390899881 79.22659331312894 1 126 126 127
0.221 0.97 -0.264 12.4 70.46 1.0292895608136712 77.16510130879891 1 127 126 126
0.183 0.965 -0.265 10.36 71.54 1.0173195171626266 79.26209104699149 1 126 126 127
0.197 0.979 -0.27 10.98 71.15 1.0344805459746451 78.6225548555211 1 126 126 127
0.195 0.979 -0.272 10.86 71.13 1.0346255361240608 78.7350936695699 1 126 126 127
0.195 0.978 -0.269 10.88 71.24 1.0328939926246061 78.72387034182965 1 126 126 126
0.196 0.97 -0.274 11 70.85 1.0268359167851502 78.57652074733258 1 126 126 127
0.194 0.97 -0.272 10.9 70.99 1.0259239737914307 78.69006752597979 1 126 126 127
0.191 0.972 -0.281 10.69 70.73 1.0296727635516054 78.88290549349168 1 126 126 127
0.189 0.97 -0.281 10.6 70.75 1.0274152033136361 78.9743268503368 1 126 126 127
0.193 0.975 -0.279 10.78 70.81 1.0323347325359153 78.80312140355512 1 126 126 127
0.194 0.977 -0.276 10.82 70.95 1.0336058242869959 78.76903389783394 1 126 126 127
0.195 0.981 -0.283 10.81 70.69 1.0394589939001924 78.7574742943081 1 126 126 127
0.197 0.982 -0.283 10.91 70.65 1.0407795155555282 78.65641032629935 1 126 126 127
0.198 0.982 -0.286 10.96 70.49 1.0417888461679747 78.60033262752029 1 126 126 127
0.2 0.981 -0.285 11.08 70.46 1.0409543697972548 78.47682271026333 1 126 126 127
0.198 0.979 -0.285 10.99 70.48 1.0386866707530236 78.56631873457333 1 126 126 127
0.198 0.969 -0.282 11.1 70.42 1.0284400808992227 78.45147850850998 1 126 126 127
0.196 0.982 -0.282 10.86 70.72 1.0403191817898967 78.71251005499775 1 126 126 127
0.203 0.966 -0.281 11.41 70.26 1.0263167152492452 78.13226810243393 1 126 126 127
0.201 0.967 -0.281 11.29 70.34 1.026864645413406 78.25774061951302 1 126 126 127
0.208 0.97 -0.277 11.65 70.35 1.0299966019361424 77.89717536749164 1 126 126 127
0.2 0.976 -0.286 11.13 70.32 1.0365191749311733 78.4193808177719 1 126 126 127
0.202 0.969 -0.278 11.33 70.47 1.0281288829713908 78.2246276039695 1 126 126 127
0.211 0.973 -0.278 11.78 70.27 1.0336991825478048 77.76456609006698 1 126 126 127
0.212 0.976 -0.278 11.8 70.29 1.036727543764513 77.74497542626109 1 126 126 127
0.213 0.975 -0.28 11.86 70.16 1.0365297873192068 77.67668654329412 1 126 126 127
0.208 0.975 -0.274 11.61 70.57 1.0339076361068236 77.95742485711502 1 126 126 127
0.204 0.97 -0.269 11.46 70.81 1.0270720520002479 78.12325005113128 1 126 126 127
0.205 0.972 -0.272 11.48 70.69 1.029948056942679 78.09054817983578 1 126 126 127
0.202 0.97 -0.268 11.35 70.92 1.0264151206992227 78.23642871140328 1 126 126 127
0.217 0.976 -0.277 12.07 70.17 1.0374940963687456 77.4649766497888 1 126 126 127
0.204 0.969 -0.265 11.48 70.96 1.0250863378272095 78.11134196037203 1 126 126 127
0.209 0.968 -0.266 11.76 70.74 1.025407723786007 77.81634341401261 1 126 126 127
0.211 0.969 -0.264 11.86 70.77 1.0262446102172718 77.71558929934788 1 126 126 127
0.213 0.966 -0.265 12 70.61 1.024084957413202 77.56542868533604 1 126 126 127
0.204 0.971 -0.267 11.45 70.91 1.0274950121533437 78.1351346522878 1 126 126 127
0.209 0.961 -0.268 11.83 70.52 1.0193262480678107 77.73027588508751 1 126 126 126
0.212 0.964 -0.271 11.95 70.36 1.0235628949898485 77.59711687823477 1 126 126 127
0.21 0.963 -0.272 11.85 70.36 1.0224739605486293 77.69817999541768 1 126 126 126
0.209 0.965 -0.272 11.78 70.43 1.0241533088361332 77.77960337301157 1 126 126 126
0.206 0.972 -0.269 11.54 70.78 1.02935950959808 78.03412397543406 1 126 126 126
0.209 0.967 -0.267 11.77 70.68 1.0247238652437056 77.80412093212554 1 126 126 126
0.208 0.969 -0.269 11.69 70.66 1.0269303773868994 77.88505413611621 1 126 126 126
0.205 0.962 -0.263 11.62 70.88 1.0181542122880993 77.97033786566905 1 126 126 126
0.206 0.96 -0.268 11.68 70.6 1.017772076645847 77.88894024039668 1 127 126 126
0.204 0.969 -0.265 11.48 70.96 1.0250863378272095 78.11134196037203 1 126 126 126
0.204 0.96 -0.271 11.56 70.54 1.0181635428554687 78.00310069207643 1 127 126 126
0.204 0.966 -0.266 11.51 70.86 1.0225106356415077 78.07547606238809 1 126 126 127
0.188 0.976 -0.276 10.5 71.11 1.031550289612678 79.09705516824806 1 127 126 126
0.207 0.96 -0.263 11.75 70.78 1.0166700546391636 77.83189654165831 1 127 126 126
0.198 0.971 -0.278 11.09 70.63 1.0292370961056543 78.47462824629523 1 127 126 126
0.167 0.984 -0.292 9.24 71.13 1.0399081690226306 80.36780116386966 1 127 126 126
0.176 0.983 -0.275 9.78 71.63 1.035804035520233 79.849105098522 1 127 127 126
0.179 0.977 -0.277 10 71.35 1.0311639054970845 79.61776171043125 1 127 127 126
0.152 0.985 -0.298 8.4 71.24 1.0402562184385153 81.2276134142262 1 126 126 126
0.152 0.982 -0.282 8.46 71.93 1.0329336861580225 81.20123259888604 1 126 126 126
0.153 0.982 -0.286 8.51 71.72 1.0341803517762267 81.1442605693407 1 126 126 126
0.158 0.981 -0.292 8.78 71.3 1.035658727573905 80.85050736438895 1 126 126 126
0.149 0.979 -0.289 8.3 71.63 1.0315827644934747 81.34621472993692 1 126 126 126
0.159 0.985 -0.293 8.8 71.3 1.0398822048674552 80.83033782128093 1 126 126 125
0.15 0.978 -0.29 8.37 71.54 1.0310596490989257 81.28025349376269 1 126 126 126
0.144 0.982 -0.29 8.01 71.75 1.0340019342341675 81.65763155123818 1 126 126 126
0.137 0.981 -0.291 7.63 71.85 1.0323812280354578 82.04986666409219 1 126 126 126
0.13 0.982 -0.288 7.24 72.16 1.0315851879510485 82.45886835121873 1 126 126 126
0.126 0.98 -0.292 7.02 72.02 1.0303106327705251 82.67359333983046 1 126 126 126
0.13 0.979 -0.291 7.25 71.97 1.02957369818775 82.43602683497659 1 126 126 126
0.141 0.981 -0.29 7.85 71.8 1.0326383684523832 81.82084305208247 1 126 126 126
0.122 0.977 -0.296 6.81 71.86 1.0281191565183483 82.88220156231135 1 126 126 126
0.124 0.98 -0.291 6.92 72.11 1.029784929002168 82.78865155242627 1 126 126 126
