-0.272 0.965 -0.2 -15.43 70.72 1.022354635143794 105.74130164601088 -3 127 127 127
-0.278 0.964 -0.195 -15.78 70.6 1.0220591959372998 106.08659550982242 -3 127 127 127
-0.285 0.963 -0.2 -16.16 70.12 1.0240087890247818 106.4861278681519 -3 127 126 127
-0.287 0.956 -0.203 -16.37 69.81 1.018584311679696 106.71024044909959 -3 126 126 127
-0.286 0.944 -0.206 -16.49 69.53 1.0076547027628067 106.85502961688287 -3 126 127 126
-0.27 0.927 -0.218 -15.83 69.48 0.9898247319601587 106.23884162969229 -3 126 127 127
-0.272 0.924 -0.224 -15.97 69.13 0.988906466760128 106.40296798307723 -3 126 127 127
-0.274 0.921 -0.233 -16.09 68.67 0.9887396017152342 106.56788452308025 -3 126 127 127
-0.274 0.92 -0.237 -16.09 68.51 0.9887593235970016 106.58490437477607 -3 126 127 127
-0.274 0.929 -0.241 -15.93 68.56 0.9980971896563983 106.43293863218929 -3 126 127 127
-0.272 0.943 -0.237 -15.63 69.06 1.009654396315888 106.08973765731844 -3 126 127 127
-0.259 0.953 -0.228 -14.81 70.1 1.0135452629261308 105.20423436518067 -3 126 127 126
-0.248 0.968 -0.214 -14.04 71.3 1.0219217191155103 104.37000151517931 -3 126 126 126
-0.25 0.971 -0.209 -14.13 71.45 1.0242177502855532 104.4381666297956 -3 126 126 126
-0.255 0.966 -0.207 -14.47 71.22 1.0203087767925942 104.78734685630889 -3 126 126 126
-0.266 0.958 -0.208 -15.18 70.58 1.0157676899764039 105.5179415362943 -3 126 126 126
-0.273 0.947 -0.21 -15.72 70.01 1.007689436284811 106.08114871333737 -3 126 127 126
-0.27 0.933 -0.213 -15.76 69.77 0.9943631127510715 106.13986534341618 -3 126 127 126
-0.267 0.923 -0.221 -15.71 69.42 0.9859305249357077 106.13378734906469 -3 126 127 126
-0.263 0.921 -0.231 -15.48 69.19 0.9852771183783778 105.93717909623044 -3 126 127 126
-0.259 0.937 -0.246 -14.97 69.13 1.0027791381954454 105.45154879069392 -3 127 127 127
-0.264 0.957 -0.245 -14.96 69.38 1.0225311731189421 105.42216131873867 -3 127 126 127
-0.268 0.975 -0.235 -14.96 69.92 1.0381107840688295 105.36942186730124 -3 127 126 127
-0.28 0.987 -0.241 -15.41 69.48 1.0538738064872852 105.83800000136958 -3 127 126 127
-0.317 1.005 -0.287 -16.87 66.95 1.0921918329670846 107.50646705249923 -3 127 125 128
-0.341 1.018 -0.321 -17.72 65.3 1.1205561119372827 108.51933135324337 -3 128 125 128
-0.359 1.039 -0.38 -17.98 63.29 1.1631001676553916 109.06128739975335 -1 128 125 128
-0.351 1.081 -0.43 -16.79 62.82 1.215179822083958 107.98858005004226 -1 128 124 128
-0.305 1.105 -0.501 -14.11 62.04 1.2510199838531757 105.43046866673224 -1 128 124 128
-0.241 1.107 -0.567 -10.97 60.9 1.266893444611661 102.28196289095972 -1 128 124 128
-0.183 1.093 -0.639 -8.22 58.69 1.2792415721825179 99.50482018236605 -1 128 123 128
-0.098 1.022 -0.818 -4.28 51.13 1.3127116972130628 95.47736872882889 -1 129 122 128
-0.089 0.978 -0.854 -3.92 48.72 1.3014303669424652 95.19971108523558 -1 129 122 128
-0.082 0.932 -0.879 -3.66 46.55 1.2837402385217969 95.02809752039795 -1 128 121 128
-0.07 0.861 -0.88 -3.25 44.28 1.233134623631986 94.64797069138704 -1 128 121 128
-0.078 0.759 -0.804 -4.04 43.22 1.1084137314198161 95.86750606938136 -1 127 120 129
0.002 0.566 -0.592 0.14 43.71 0.8190384606353964 89.79754225778181 1 122 119 128
0.053 0.556 -0.397 4.44 54.23 0.6852401039051932 84.55480497634677 1 119 119 127
0.114 0.583 -0.081 10.96 76.51 0.5995381555831121 78.93597064925049 -3 117 119 127
0.144 0.593 0.226 12.78 65.68 0.6507388108911285 76.35088428622447 1 116 119 126
0.103 0.695 0.667 6.1 45.84 0.9687739674454511 81.57004324428242 1 115 119 125
-0.009 0.783 1.084 -0.39 35.84 1.3372456767550231 90.65854317756362 -1 115 121 125
-0.139 0.856 1.437 -4.75 30.66 1.6783998331744434 99.22336489221001 -1 117 122 126
-0.318 0.958 1.602 -9.67 30.39 1.8934867308750807 108.36314963805762 -1 124 127 125
-0.293 0.89 1.424 -9.9 31.47 1.7046187256979197 108.22224187752295 -1 129 129 126
-0.276 0.826 1.202 -10.72 33.81 1.4843368889844382 108.47655795105614 -1 132 131 126
-0.256 0.753 0.912 -12.21 38.48 1.2100780966532698 108.77666910217741 -1 135 132 126
