0.223 0.902 -0.283 13.27 68.23 0.9712991300315263 76.11331447878122 1 130 126 129
0.176 1.003 -0.16 9.83 76.66 1.030817636636083 80.04742880815432 -3 131 127 130
0.322 0.981 -0.327 17.3 64.93 1.0830392421329893 71.82827648985196 1 131 127 129
0.219 1.064 -0.189 11.46 74.79 1.1026232357428352 78.36940483950447 -3 128 126 127
0.316 0.965 -0.367 17.02 63.35 1.0797082939386915 71.8683894366008 1 127 125 126
0.302 0.925 -0.387 16.76 62.05 1.047185752385889 71.91883927430656 1 127 125 126
0.316 0.938 -0.397 17.24 61.59 1.0664469044448486 71.38199819123453 1 127 125 126
0.203 1.004 -0.213 11.19 73.67 1.0462284645334403 78.5693988216316 1 131 127 130
0.29 0.926 -0.405 16.01 61.72 1.0514756297698964 72.61075110928479 1 126 126 126
0.286 0.923 -0.405 15.84 61.76 1.0477356536836953 72.7839264122093 1 126 126 126
0.282 0.935 -0.395 15.53 62.57 1.0534581149718294 73.21646427202217 1 126 126 127
0.286 0.933 -0.4 15.73 62.21 1.0546492307871846 72.95770504102151 1 126 126 127
0.285 0.926 -0.385 15.86 62.65 1.042557432470749 72.89292319520601 1 126 126 127
0.287 0.93 -0.397 15.85 62.22 1.051131770997338 72.84966161641461 1 126 126 127
0.289 0.932 -0.39 15.96 62.49 1.0508306238400174 72.77207701636698 1 126 126 127
0.293 0.927 -0.376 16.33 62.79 1.0423790097656418 72.45964256576383 1 126 126 127
0.297 0.928 -0.378 16.51 62.61 1.0451205672074395 72.25308815835393 1 126 126 127
0.291 0.923 -0.38 16.25 62.59 1.0397163074608382 72.50117341843467 1 126 126 127
0.298 0.924 -0.382 16.6 62.33 1.0433139508316756 72.12492696723966 1 126 126 127
0.293 0.926 -0.376 16.34 62.76 1.041489798317775 72.44186375180597 1 126 126 127
0.296 0.913 -0.379 16.67 62.22 1.0319040653083988 72.03699914815024 1 127 126 126
0.298 0.922 -0.38 16.64 62.36 1.0408112220763188 72.08862727718879 1 126 126 127
0.297 0.919 -0.379 16.63 62.35 1.0375022891541013 72.09034157584526 1 126 126 127
0.288 0.918 -0.383 16.15 62.44 1.0355467155082865 72.58202920779718 1 127 126 127
0.293 0.915 -0.378 16.49 62.4 1.0324524202112173 72.24396872968309 1 126 126 127
0.288 0.921 -0.381 16.12 62.59 1.0374709634490982 72.63534929199236 1 127 126 127
0.285 0.925 -0.385 15.88 62.62 1.04166933332992 72.8755103865275 1 126 126 127
0.286 0.924 -0.382 15.96 62.69 1.0399499987980192 72.80145877993414 1 127 126 127
0.287 0.925 -0.388 15.97 62.45 1.043330244936856 72.76243721282722 1 126 126 127
0.29 0.923 -0.388 16.15 62.31 1.042388123493356 72.5576541556199 1 126 126 127
0.292 0.92 -0.396 16.25 61.86 1.0433024489571565 72.39101436895317 1 126 126 127
0.294 0.917 -0.395 16.41 61.77 1.040841006109963 72.22359435464159 1 126 126 127
0.292 0.92 -0.396 16.25 61.86 1.0433024489571565 72.39101436895317 1 126 126 127
0.295 0.914 -0.397 16.49 61.58 1.0392449181978232 72.11214604272388 1 126 126 127
0.302 0.924 -0.395 16.73 61.71 1.049287853737 71.90054637690363 1 126 126 126
0.302 0.919 -0.394 16.81 61.62 1.0445099329350584 71.8085427264888 1 126 126 126
0.296 0.937 -0.394 16.24 62.26 1.0586883394087234 72.46857884734933 1 126 126 126
0.284 0.937 -0.391 15.63 62.72 1.0542798489964607 73.13820703307059 1 126 126 126
0.299 0.916 -0.394 16.69 61.63 1.0410057636728052 71.92232249358413 1 126 126 127
0.279 0.924 -0.388 15.56 62.65 1.0402696765743007 73.19841152323923 1 126 126 126
0.292 0.94 -0.391 16 62.56 1.05912463855771 72.74320447200628 1 126 126 126
0.279 0.933 -0.392 15.41 62.72 1.0497590199660112 73.35147494382927 1 126 126 126
0.275 0.903 -0.388 15.63 62.23 1.0205772876171604 73.06238809405869 1 126 126 127
0.272 0.914 -0.392 15.3 62.43 1.0310402513966175 73.42736334913826 1 126 126 126
0.277 0.905 -0.388 15.71 62.22 1.022887090543233 72.98183710103605 1 126 126 127
0.28 0.907 -0.388 15.85 62.19 1.0254720864070364 72.84401805626129 1 126 126 127
0.284 0.911 -0.386 16.02 62.25 1.0293556236792025 72.6853760561178 1 126 126 127
0.276 0.919 -0.389 15.46 62.57 1.035402337258324 73.28359791679485 1 126 126 126
0.287 0.916 -0.384 16.12 62.37 1.0338670127245575 72.60324655715763 1 126 126 127
0.289 0.92 -0.384 16.17 62.42 1.0379677258951745 72.56090900444777 1 126 126 127
