0.278 0.055 -1.04 14.95 2.92 1.0779188281127665 11.190979469467774 2 126 126 127
0.278 0.055 -1.038 14.97 2.93 1.0759893122145778 11.190979469467774 2 126 126 127
0.279 0.055 -1.039 15.01 2.93 1.077212606684493 11.151875552161787 2 126 126 127
0.279 0.055 -1.038 15.02 2.93 1.0762481126580432 11.151875552161787 2 126 126 127
0.279 0.055 -1.039 15.01 2.93 1.077212606684493 11.151875552161787 2 126 126 127
0.279 0.055 -1.041 14.98 2.92 1.0791417886450323 11.151875552161787 2 126 126 127
0.279 0.054 -1.042 14.97 2.87 1.0800560170657818 10.954062643398334 2 126 126 127
0.277 0.054 -1.046 14.81 2.86 1.0834025106118224 11.031219970133995 2 126 126 127
0.276 0.053 -1.044 14.79 2.81 1.0811664996659858 10.870127033657974 2 126 126 127
0.275 0.054 -1.044 14.74 2.86 1.0809611463877875 11.109458206359804 2 126 126 127
0.272 0.058 -1.042 14.61 3.08 1.0784767035036038 12.037202320365747 2 126 126 127
0.273 0.061 -1.037 14.72 3.26 1.0740665714935922 12.595456511404562 2 126 126 127
0.276 0.06 -1.037 14.88 3.2 1.074776720998366 12.2647737278924 2 126 126 127
0.278 0.056 -1.039 14.96 2.98 1.077005571016232 11.389179698054523 2 126 126 127
0.28 0.053 -1.041 15.04 2.81 1.0793006995272447 10.718462299591634 2 126 126 127
0.283 0.051 -1.044 15.15 2.7 1.0828785712165516 10.21573957402295 2 126 126 127
0.283 0.052 -1.044 15.15 2.75 1.0829261285978837 10.41170822769202 2 126 126 127
0.281 0.056 -1.043 15.06 2.97 1.0816404208423425 11.27071565638462 2 126 126 127
0.281 0.058 -1.042 15.07 3.08 1.0807816615764723 11.662396938046866 2 126 126 127
0.282 0.056 -1.041 15.14 2.97 1.0799726848397602 11.231766384024443 2 126 126 127
0.28 0.054 -1.043 15.01 2.86 1.0812793348621808 10.915882431693074 2 126 126 127
0.279 0.055 -1.043 14.96 2.92 1.0810712279956396 11.151875552161787 2 126 126 127
0.278 0.055 -1.042 14.92 2.92 1.0798486004991625 11.190979469467774 2 126 126 127
0.277 0.057 -1.044 14.84 3.02 1.081625628394594 11.627797615186243 2 126 126 127
0.277 0.057 -1.044 14.84 3.02 1.081625628394594 11.627797615186243 2 126 126 127
0.278 0.057 -1.043 14.9 3.02 1.0809172031196468 11.587104089759697 2 126 126 127
0.278 0.058 -1.044 14.89 3.07 1.0819353030565182 11.784748506262801 2 126 126 127
0.278 0.057 -1.043 14.9 3.02 1.0809172031196468 11.587104089759697 2 126 126 127
0.279 0.057 -1.043 14.95 3.02 1.0811748239762151 11.546690545927321 2 126 126 127
0.279 0.057 -1.042 14.97 3.02 1.080210164736474 11.546690545927321 2 126 126 127
0.279 0.055 -1.04 15 2.92 1.0781771654046473 11.151875552161787 2 126 126 127
0.281 0.052 -1.05 14.96 2.74 1.0881934570654246 10.48417539652901 2 126 126 127
0.277 0.042 -1.191 13.09 1.97 1.2235088884025322 8.62177541967846 2 126 127 127
0.299 0.038 -1.197 14.02 1.76 1.2343638037466913 7.242908732963937 2 126 126 126
0.324 0.044 -1.182 15.32 2.06 1.226391454634286 7.7335980990228625 2 127 127 126
0.321 -0.083 -1.239 14.49 -3.71 1.2825954155539463 -14.497282218424658 -2 126 126 126
0.349 -0.131 -1.113 17.3 -6.41 1.173767864613783 -20.574034474726442 -2 127 126 126
0.381 -0.148 -1.134 18.43 -7.05 1.2054132071617598 -21.228731079686547 -2 128 126 127
0.448 -0.22 -1.181 20.45 -9.88 1.282132988422028 -26.154335778312916 -2 129 127 130
0.484 -0.261 -1.179 21.84 -11.57 1.3009296675839166 -28.336040759398294 -2 132 129 131
0.38 0.009 -1.045 19.98 0.46 1.1119829135377934 1.3567516559421373 2 134 130 132
0.299 0.032 -0.99 16.8 1.77 1.0346617804867444 6.108737413799964 2 132 130 132
0.313 0.06 -0.909 18.96 3.57 0.9632497080196807 10.85157601601978 2 130 127 128
0.281 0.068 -0.91 17.12 4.08 0.9548219729352693 13.603649326085971 2 128 127 127
0.362 -0.127 -0.912 21.46 -7.37 0.9894023448526894 -19.33233612134771 -2 126 126 126
0.342 -0.185 -0.958 19.32 -10.31 1.033901832864223 -28.410536780355677 -2 127 127 127
0.24 -0.171 -1.023 13.03 -9.24 1.0645985158734723 -35.469872167400055 -2 125 126 125
0.21 -0.217 -1.02 11.39 -11.77 1.0637617214395336 -45.93919094573558 1 125 124 124
0.233 -0.169 -1.139 11.44 -8.27 1.1748067926259194 -35.95419873840924 -2 125 123 124
0.344 -0.058 -1.129 16.92 -2.81 1.1816687353061348 -9.570325434511219 -2 123 123 124
0.31 -0.033 -1.078 16.04 -1.69 1.1221733377691703 -6.0763448211490045 -2 121 124 128
0.366 -0.032 -1.11 18.24 -1.57 1.1692219635295946 -4.996760664571359 -2 120 126 129
0.378 -0.437 -1.155 17.02 -19.78 1.2914635109053605 -49.14056955540343 1 124 127 126
0.545 -0.719 -1.3 20.15 -27.02 1.5823988119307977 -52.8379738882536 1 127 125 122
0.206 -0.436 -1.25 8.84 -18.99 1.3397880429381357 -64.71033990036038 1 131 122 118
0.267 -0.232 -1.373 10.85 -9.42 1.4178300321265593 -40.98782884503223 -2 133 118 114
0.202 -0.13 -1.357 8.43 -5.41 1.378097601768467 -32.76388849058367 -2 133 117 112
-0.069 0.541 -1.226 -2.95 23.78 1.3418338198152557 97.26835322855345 -1 128 118 116
0.247 0.234 -1.304 10.56 10 1.3476575974630944 43.45184230102203 2 125 122 120
0.165 0.167 -1.135 8.18 8.28 1.1590250213002307 45.34515112316413 1 123 125 125
0.15 0.113 -1.19 7.15 5.38 1.2047277700791992 36.99193320041479 2 123 128 130
0.087 0.157 -1.161 4.25 7.68 1.1747931732862598 61.00740429609984 1 122 128 135
-0.057 0.175 -1.061 -3.03 9.35 1.0768449284832056 108.04116959683519 -1 121 127 138
-0.014 0.155 -1.108 -0.72 7.96 1.11887666880671 95.16109803336026 -1 121 124 137
0.013 0.081 -1.193 0.62 3.88 1.1958172937367983 80.88213724620421 1 121 124 135
0.045 0.215 -1.151 2.2 10.57 1.1717725888584354 78.17851165939275 1 124 124 129
0.129 0.16 -1.158 6.3 7.82 1.176097359915411 51.12250366148736 1 123 125 127
0.035 0.152 -1.089 1.82 7.94 1.1001136304945958 77.03291601687874 1 123 127 127
-0.004 0.23 -1.049 -0.21 12.37 1.0739259751025674 90.99634789650493 -1 122 126 126
-0.248 0.056 -0.965 -14.39 3.22 0.9979303582915994 167.27564431457762 2 120 128 124
-0.329 0.253 -0.89 -19.57 14.93 0.9820132381999745 142.4398251562909 2 120 129 122
-0.328 0.358 -0.876 -19.12 20.94 1.0015607819798058 132.495949158393 -1 120 130 123
-0.305 0.362 -0.877 -17.82 21.3 0.9965931968461355 130.11552630236204 -1 120 132 122
-0.33 0.474 -0.859 -18.59 27.25 1.0351120712270725 124.84573341979976 -1 121 134 122
0.031 0.544 -0.954 1.62 29.68 1.0986414337717287 86.73851047159845 1 120 131 122
0.194 0.454 -1.025 9.82 23.52 1.1377069042596164 66.86236242028646 1 121 131 123
0.246 0.449 -0.911 13.62 25.45 1.0450062200771821 61.28236207180558 1 122 132 123
0.248 0.404 -0.854 14.71 24.43 0.9767476644456335 58.4558429789237 1 123 132 123
0.242 0.394 -0.793 15.29 25.42 0.9179591494178813 58.441204837098624 1 123 132 123
0.213 0.398 -0.744 14.17 27.22 0.8702350257258094 61.84538469002789 1 123 132 124
0.18 0.388 -0.748 12.06 26.76 0.8616542229920306 65.11258828907549 1 124 130 124
0.182 0.439 -0.75 11.83 29.63 0.8878879433802443 67.4821507380442 1 123 127 125
0.153 0.45 -0.749 9.93 30.48 0.8870794778372454 71.22196677755446 1 125 127 124
0.13 0.486 -0.771 8.12 31.86 0.9206177273982943 75.02456558633794 1 126 127 124
0.107 0.566 -0.79 6.28 35.37 0.9777039429193277 79.29480133926896 1 126 127 124
0.08 0.646 -0.815 4.4 38.27 1.0430441026150332 82.94048946803683 1 128 127 124
0.068 0.697 -0.831 3.59 39.89 1.0867354783938914 84.42780219603621 1 129 128 124
0.064 0.787 -0.861 3.14 42.35 1.1682405574195753 85.35085329893522 1 128 128 125
0.06 0.792 -0.875 2.91 42.08 1.1817313569504704 85.6676860168115 1 128 128 127
0.087 0.738 -0.888 4.31 39.59 1.157910618312139 83.2766500369481 1 127 128 128
0.081 0.74 -0.894 3.99 39.5 1.1633559214616995 83.75330373179875 1 127 127 128
0.074 0.713 -0.894 3.7 38.48 1.1458974648719666 84.07466799472306 1 127 127 128
0.064 0.581 -0.894 3.44 32.95 1.0681259289053888 83.71393234484243 1 127 126 126
0.07 0.575 -0.884 3.8 32.96 1.056873218508256 83.05901657125742 1 128 125 124
0.104 0.492 -0.894 5.82 28.66 1.0257270592121475 78.06439745673256 1 128 124 123
0.111 0.441 -0.912 6.25 25.64 1.0190907712269797 75.8720833630803 1 129 124 123
0.137 0.527 -0.932 7.29 29.22 1.0794081711752974 75.42782055072558 1 130 125 125
0.182 0.409 -0.948 10 22.96 1.0483839945363531 66.01152065319084 1 130 125 126
0.191 0.304 -0.936 10.98 17.65 1.0024933914994154 57.85928600251219 1 130 125 126
0.179 0.309 -0.932 10.33 18.03 0.9980711397490662 59.916800908170664 1 130 125 127
0.244 0.282 -0.935 14.03 16.27 1.0066205839341853 49.1320602549526 1 129 125 127
0.246 0.307 -0.92 14.23 17.87 1.000582330445626 51.29470086264379 1 128 126 126
0.25 0.346 -0.957 13.8 19.28 1.0478859670784793 54.15025677801488 1 129 128 125
0.204 0.388 -0.956 11.18 21.65 1.0517109869160823 62.265809495014594 1 129 130 125
0.207 0.398 -1.007 10.82 21.16 1.1024073657228528 62.52103583837017 1 129 131 126
0.17 0.454 -1.057 8.41 22.98 1.1628692961807874 69.4716205337049 1 130 132 128
0.18 0.463 -1.059 8.85 23.32 1.169722189239821 68.7554665357379 1 130 129 129
0.273 0.405 -1.057 13.56 20.35 1.1643895396301016 56.017111618789215 1 131 127 129
0.323 0.366 -1 16.87 19.2 1.1127825483893967 48.57115720147633 1 131 126 129
0.355 0.335 -0.926 19.82 18.66 1.046769315560979 43.339717631017194 2 132 126 130
0.384 0.331 -0.98 20.37 17.46 1.1033662130045492 40.76065348390122 2 132 127 131
0.369 0.339 -1.025 18.87 17.29 1.1409237485476404 42.57366416839765 2 133 129 132
0.329 0.302 -1.043 16.86 15.44 1.1345897937140101 42.54985269731256 2 133 129 132
0.211 0.251 -1.043 11.13 13.27 1.0933302337354436 49.948333750024354 1 131 127 131
0.192 0.15 -1.062 10.15 7.91 1.0895907488594054 37.99873244250467 2 131 125 131
0.16 0.072 -1.019 8.9 3.99 1.033994680837382 24.22774531795417 2 130 123 129
0.017 -0.017 -1 0.97 -0.97 1.0002889582515644 -45 0 124 118 129
0.145 0.006 -1.05 7.86 0.32 1.0599816036139496 2.369508064255289 2 125 119 129
0.15 0.034 -1.085 7.87 1.78 1.0958471608760045 12.771242564901442 2 124 119 128
0.134 0.053 -1.061 7.19 2.84 1.0707408650088965 21.57990628762003 2 125 121 127
0.11 0.043 -1.032 6.08 2.37 1.0387362514132257 21.35098024765359 2 126 122 127
0.153 0.053 -1.037 8.38 2.89 1.0495651480494195 19.106353005771986 2 129 125 125
0.113 0.028 -0.992 6.5 1.61 0.9988077893168434 13.916877433301273 2 129 126 126
0.106 0.023 -1.044 5.8 1.26 1.0496194548501852 12.242331198874437 2 129 126 125
0.042 0.026 -1.152 2.09 1.29 1.153058541445316 31.759480084812793 2 129 126 125
-0.055 0.058 -1.147 -2.74 2.89 1.1497817184144128 133.47923033885624 -1 128 126 126
-0.093 0.017 -1.137 -4.68 0.85 1.1409237485476407 169.6409475119163 2 126 126 127
-0.115 0.027 -1.092 -6.01 1.41 1.0983706114058225 166.78725312166478 2 125 125 127
-0.138 -0.18 -0.946 -8.16 -10.66 0.9728103617869208 -127.47617956136138 -1 121 125 132
-0.123 -0.186 -0.934 -7.36 -11.17 0.9602504881540025 -123.47627829610266 -1 122 126 132
-0.142 -0.075 -0.931 -8.64 -4.55 0.9447486438201433 -152.1583739300422 -2 122 126 132
-0.125 -0.035 -1.024 -6.96 -1.94 1.0321947490662797 -164.35775354279127 -2 122 126 132
-0.025 0.202 -1.07 -1.32 10.69 1.0891873117145647 97.05518606109669 -1 124 126 131
-0.098 0.194 -1.087 -5.07 10.08 1.1085165763307285 116.80083494695461 -1 124 125 129
0.029 0.199 -1.106 1.48 10.2 1.1241343336096448 81.70872850830894 1 123 124 128
0.062 0.128 -1.106 3.19 6.59 1.1151071697375101 64.15561244543967 1 123 124 127
0.086 0.142 -1.086 4.49 7.43 1.0986154923356943 58.79948539601937 1 123 126 127
0.098 0.18 -1.102 5.02 9.24 1.120896070115334 61.43416320625343 1 124 126 126
-0.004 0.194 -1.088 -0.21 10.11 1.1051678605533188 91.18118891332665 -1 124 126 127
-0.009 0.218 -1.095 -0.46 11.26 1.1165258617694442 92.3640795859195 -1 124 125 126
-0.103 0.196 -1.04 -5.56 10.62 1.063308515906837 117.72238424520751 -1 123 123 119
-0.078 0.243 -1.011 -4.29 13.48 1.0427147260876293 107.79598892393038 -1 123 123 118
-0.086 0.282 -1.008 -4.7 15.58 1.0502304509011344 106.95984702206505 -1 123 124 118
-0.132 0.317 -0.994 -7.21 17.54 1.0516410984741895 112.60702987219933 -1 123 125 119
-0.102 0.375 -1.051 -5.22 19.55 1.1205489726022686 105.21632671202298 -1 124 126 122
-0.094 0.42 -1.071 -4.67 21.34 1.1542430419976548 102.61544440649843 -1 124 127 125
-0.065 0.443 -1.115 -3.1 21.64 1.2015402614977162 98.34726788217374 -1 124 128 125
0.004 0.451 -1.128 0.19 21.79 1.214825501872594 89.4918467650215 1 119 127 121
0.026 0.372 -1.099 1.28 18.7 1.1605434072019882 86.00195790079663 1 118 127 120
0.018 0.333 -1.055 0.93 17.52 1.1064528909989797 86.9059419410829 1 117 127 120
-0.005 0.288 -1.007 -0.27 15.96 1.0473862706757235 90.99461847364059 -1 118 127 122
-0.016 0.285 -0.971 -0.91 16.36 1.012087940843087 93.2132322417194 -1 119 127 123
-0.067 0.401 -0.891 -3.92 24.17 0.9793727584530826 99.48549073871314 -1 121 130 124
-0.08 0.487 -0.878 -4.56 28.92 1.0072005758536875 99.32872136535579 -1 121 131 123
-0.097 0.551 -0.854 -5.45 32.66 1.0209436811107653 99.98424992931997 -1 121 131 122
-0.125 0.6 -0.829 -6.96 35.59 1.0309539271955852 101.76828893202065 -1 121 131 122
-0.165 0.68 -0.799 -8.94 39.81 1.0620856839257369 103.63905205237205 -1 121 131 121
-0.237 0.747 -0.703 -13.01 45.2 1.0527996010637541 107.60262317003279 -1 118 130 120
-0.226 0.686 -0.719 -12.81 42.31 1.0191334554414353 108.2342639010106 -1 118 128 119
-0.213 0.672 -0.681 -12.55 43.28 0.9801601909892077 107.58675564169816 -1 118 128 119
-0.196 0.599 -0.654 -12.46 41.26 0.9082582231942632 108.1187184290515 -1 119 128 121
-0.138 0.501 -0.708 -9.04 34.78 0.8782419939857123 105.40017099952941 -1 122 130 124
-0.149 0.561 -0.665 -9.72 39.46 0.882693038377442 104.87419136034266 -1 124 131 127
-0.123 0.572 -0.665 -7.98 40.22 0.8857414972778457 102.13579499252982 -1 126 132 128
-0.11 0.584 -0.678 -7.01 40.37 0.9015763972065817 100.66703651779443 -1 128 133 129
-0.121 0.611 -0.706 -7.38 40.46 0.9414871215263647 101.20169120572463 -1 129 133 130
-0.134 0.668 -0.745 -7.63 41.43 1.0095568334670417 101.34291795080958 -1 130 131 129
-0.189 0.691 -0.81 -10.07 39.72 1.081342683888877 105.29720668239729 -1 130 129 127
-0.249 0.719 -0.851 -12.6 39.04 1.141561649671186 109.10170252531785 -1 129 127 126
-0.295 0.754 -0.876 -14.32 39.2 1.1928608468719224 111.3677570505871 -1 129 126 125
-0.304 0.748 -0.872 -14.82 39.01 1.1884039717200545 112.1176663269875 -1 129 125 125
-0.308 0.739 -0.894 -14.87 38.01 1.200092079800546 112.62536992299593 -1 128 125 126
-0.313 0.74 -0.9 -15.04 37.83 1.206469643215278 112.92704856796368 -1 128 125 127
-0.298 0.713 -0.887 -14.67 37.31 1.176410642590418 112.68260169129789 -1 128 124 127
-0.226 0.648 -0.877 -11.71 35.58 1.113601813935304 109.2270059150844 -1 127 122 129
-0.208 0.62 -0.852 -11.17 35.26 1.0740428296860418 108.5457722427678 -1 126 121 128
-0.185 0.598 -0.827 -10.27 35.21 1.0371875433112374 107.19021364779603 -1 126 121 128
-0.137 0.582 -0.81 -7.82 35.32 1.0067735594462144 103.2460069654973 -1 126 122 128
-0.12 0.568 -0.811 -6.91 34.72 0.9973690390221666 101.92932217723835 -1 127 123 128
-0.103 0.562 -0.816 -5.93 34.34 0.9961470774940817 100.38556996194481 -1 127 125 128
-0.082 0.591 -0.854 -4.51 34.56 1.0417874063358608 97.89923651382986 -1 126 127 129
-0.216 0.635 -0.84 -11.59 36.21 1.074933021169226 108.78612082042598 -1 126 125 132
-0.179 0.68 -0.88 -9.14 37.13 1.1264284264878972 104.74771019654408 -1 125 124 132
-0.151 0.709 -0.857 -7.73 39.17 1.1224664805685736 102.02299248079294 -1 125 124 131
-0.145 0.734 -0.802 -7.6 42.01 1.0968067286445686 101.17476574820105 -1 126 123 130
0.09 0.711 -0.865 4.6 39.27 1.123319188832809 82.78573796079324 1 126 124 127
-0.008 0.684 -0.797 -0.44 40.64 1.0502994811005097 90.67009552222454 -1 126 124 126
-0.058 0.659 -0.768 -3.28 40.55 1.0136414553479944 95.02976378427796 -1 127 124 126
-0.133 0.596 -0.825 -7.45 35.5 1.0264160949634413 102.57969204702864 -1 128 123 126
-0.14 0.585 -0.837 -7.81 34.58 1.0307249875694293 103.45868460861503 -1 129 123 126
-0.16 0.625 -0.862 -8.55 35.48 1.0766935497159813 104.35933654424464 -1 128 122 127
-0.172 0.591 -0.839 -9.51 34.61 1.0405700360859906 106.22669405346277 -1 128 122 129
-0.195 0.564 -0.819 -11.09 33.82 1.0133518638656565 109.07255438785538 -1 128 122 130
-0.217 0.573 -0.796 -12.48 34.78 1.0045068441777787 110.74210535862717 -1 128 122 130
-0.255 0.559 -0.774 -14.95 34.45 0.9882216350596662 114.52113116088711 -1 128 122 131
-0.244 0.547 -0.768 -14.51 34.17 0.9739450703196768 114.0401912893942 -1 129 123 131
-0.2 0.595 -0.843 -10.97 34.48 1.0510347282559223 108.57927038044468 -1 129 124 132
-0.125 0.569 -0.873 -6.84 32.83 1.0495308475695222 102.39012893813116 -1 129 127 135
-0.054 0.562 -0.881 -2.96 32.49 1.0463847284818333 95.48843930728509 -1 129 129 136
0.018 0.578 -0.881 0.98 33.26 1.053835376138038 88.21627884614415 1 128 129 136
0.137 0.582 -0.901 7.28 32.56 1.081338984777669 76.7539930345027 1 127 129 135
0.23 0.582 -0.895 12.16 32.2 1.0920847036745822 68.43661315421791 1 127 128 134
0.286 0.616 -0.927 14.41 32.41 1.1491653492861678 65.09523119190482 1 127 126 130
0.408 0.666 -1.066 17.98 30.26 1.3215052024112506 58.507838875273 1 127 127 127
0.268 0.666 -0.953 12.98 33.93 1.1931424893951268 68.08002724881362 1 127 129 127
0.268 0.666 -0.953 12.98 33.93 1.1931424893951268 68.08002724881362 1 127 129 127
0.183 0.622 -0.885 9.6 34.54 1.0970861406471235 73.60547265409575 1 126 128 126
0.067 0.629 -0.824 3.7 37.27 1.038800269541744 83.91987809286974 1 126 127 124
0.075 0.614 -0.821 4.18 36.68 1.0279406597659224 83.03582961179367 1 125 126 124
0.14 0.611 -0.922 7.21 33.23 1.114901340926631 77.0944474833115 1 125 126 124
0.076 0.623 -0.892 4 34.83 1.0906736450469499 83.04483230232006 1 125 129 125
0.059 0.627 -0.865 3.16 35.87 1.0699696257371047 84.62436020290332 1 125 131 126
0.017 0.602 -0.825 0.95 36.11 1.021429390609062 88.38244275455436 1 125 132 126
0.051 0.608 -0.812 2.88 36.77 1.015681544579796 85.20516420346085 1 125 134 125
0.093 0.603 -0.818 5.23 36.22 1.0204812590145886 81.23241875544701 1 125 135 125
0.131 0.607 -0.808 7.39 36.56 1.0190554450077778 77.82146780175614 1 125 135 126
0.167 0.605 -0.807 9.4 36.28 1.0223321378104084 74.56873496127336 1 125 135 126
0.204 0.595 -0.821 11.38 35.12 1.0342543207548132 71.07535558394876 1 126 135 126
0.211 0.554 -0.86 11.65 32.03 1.0445271657549169 69.14984279959036 1 127 132 125
0.218 0.546 -0.86 12.08 31.61 1.0417485301165537 68.23478493682671 1 127 131 124
0.233 0.562 -0.853 12.85 32.44 1.0477318359198597 67.48155622725113 1 127 130 122
0.245 0.574 -0.848 13.46 33.04 1.052903129447339 66.88579201667316 1 127 129 121
0.239 0.628 -0.807 13.16 36.73 1.0501209454153366 69.16451407214981 1 127 129 121
0.24 0.667 -0.786 13.11 39.06 1.0584351657045414 70.21024959912974 1 127 129 120
0.209 0.709 -0.794 11.11 40.81 1.0848032079598584 73.57546453853307 1 127 129 122
0.202 0.723 -0.78 10.75 41.9 1.082558543451577 74.39009247797097 1 126 128 123
0.202 0.703 -0.781 10.88 41.07 1.0700345788805146 73.96852599743328 1 126 128 123
0.207 0.696 -0.782 11.18 40.71 1.0671405718086067 73.43679614236675 1 126 127 123
0.202 0.703 -0.781 10.88 41.07 1.0700345788805146 73.96852599743328 1 126 127 123
0.201 0.713 -0.768 10.86 41.93 1.067049202239522 74.25646119285638 1 125 127 123
0.181 0.708 -0.76 9.89 42.18 1.0543362841143238 75.65950035709282 1 125 127 123
0.169 0.728 -0.753 9.17 43.33 1.0609212977407891 76.93068210371783 1 125 127 122
0.149 0.712 -0.724 8.35 43.93 1.0263142793511157 78.18030456171445 1 124 127 122
0.14 0.723 -0.708 7.88 45.05 1.0215639970163395 79.04100932328366 1 124 127 123
0.132 0.739 -0.703 7.37 45.93 1.0284716816714012 79.8726449529072 1 124 127 124
0.114 0.741 -0.703 6.37 46.14 1.0277577535586875 81.2538377374448 1 123 127 124
0.069 0.749 -0.716 3.81 46.16 1.0384690654997866 84.73660653780786 1 124 127 125
0.063 0.749 -0.707 3.5 46.54 1.0319006735146556 85.19204603696954 1 124 127 125
0.057 0.733 -0.714 3.19 45.66 1.0248580389497854 85.55347844119775 1 125 127 125
0.032 0.743 -0.706 1.79 46.43 1.0254311288428881 87.53387272102658 1 127 127 124
0.022 0.763 -0.705 1.21 47.25 1.0390755506699212 88.3484167681105 1 127 126 125
0.005 0.785 -0.709 0.27 47.91 1.0577953488269838 89.63506366426935 1 127 126 125
0.003 0.81 -0.708 0.16 48.84 1.0758127160430853 89.78779437951188 1 127 126 126
0.003 0.832 -0.709 0.16 49.56 1.093121219261615 89.7934055365266 1 127 126 126
0 0.855 -0.709 0 50.33 1.1107231878375459 90 -1 127 126 127
-0.01 0.869 -0.711 -0.51 50.71 1.1228454924877243 90.65930092794397 -1 126 126 128
-0.025 0.879 -0.712 -1.27 50.97 1.1314636538572505 91.62913361463514 -1 126 126 128
-0.043 0.883 -0.718 -2.16 50.83 1.1388862981000343 92.78796574199404 -1 126 126 129
-0.058 0.877 -0.731 -2.91 50.1 1.143177151626116 93.78372060594941 -1 125 125 130
-0.04 0.832 -0.746 -2.05 48.08 1.1181860310341925 92.7524854002687 -1 125 124 131
-0.041 0.783 -0.753 -2.16 46.08 1.0870965918445334 92.99742464639007 -1 125 122 132
0.001 0.728 -0.736 0.06 44.69 1.035220266416766 89.92129705566353 1 125 119 133
0.042 0.709 -0.717 2.39 44.63 1.0092244547175815 86.6098536084804 1 126 119 132
0.06 0.712 -0.697 3.45 45.5 0.9981748343852394 85.18308470350738 1 126 118 131
0.102 0.735 -0.678 5.82 46.99 1.0051432733695231 82.0992105761602 1 126 119 130
0.123 0.731 -0.678 7.03 46.69 1.0045765276971186 80.44872899304225 1 125 120 129
0.123 0.731 -0.678 7.03 46.69 1.0045765276971186 80.44872899304225 1 125 120 129
0.11 0.751 -0.665 6.26 48.09 1.0091214000307396 81.66706267975356 1 125 120 129
0.1 0.745 -0.675 5.68 47.51 1.0102722405371733 82.3549867283293 1 125 121 129
0.106 0.738 -0.686 6.01 46.75 1.01315151877693 81.82642589431237 1 126 121 130
0.094 0.76 -0.681 5.26 47.87 1.0247911982447937 82.94922498241905 1 126 121 131
0.106 0.757 -0.696 5.89 47.08 1.0337799572442872 82.02890495135908 1 126 121 130
0.078 0.755 -0.689 4.36 47.44 1.025099995122427 84.10162640114144 1 126 121 130
0.005 0.74 -0.654 0.29 48.53 0.9875935398735656 89.61287224584905 1 126 119 128
-0.031 0.72 -0.639 -1.84 48.38 0.963162499269983 92.46537894618137 -1 126 118 127
-0.033 0.716 -0.641 -1.97 48.13 0.9615747500844644 92.63885980899211 -1 126 118 127
-0.013 0.731 -0.655 -0.76 48.13 0.98160837404741 91.01883259316534 -1 127 118 127
0.006 0.756 -0.664 0.34 48.71 1.0062146888214263 89.54528113830686 1 127 118 128
0.031 0.783 -0.684 1.71 48.83 1.0401471049808293 87.73276883171964 1 128 119 129
0.061 0.81 -0.714 3.23 48.5 1.081488326335518 85.69326210938063 1 128 121 130
0.049 0.834 -0.744 2.51 48.2 1.118701479394749 86.63756659315408 1 128 123 129
0.055 0.825 -0.774 2.78 46.75 1.1325749423327358 86.18592516570965 1 128 124 129
0.068 0.819 -0.797 3.41 45.68 1.1448117749219737 85.25372768409937 1 128 125 129
0.078 0.819 -0.814 3.86 45.04 1.1573422138676184 84.55966796899449 1 128 126 129
0.086 0.809 -0.823 4.26 44.35 1.1572406836954878 83.93201365593929 1 128 127 129
0.117 0.8 -0.853 5.71 42.9 1.1752863480871374 81.67948032858098 1 128 129 128
0.141 0.798 -0.869 6.82 42.19 1.1882112606771575 79.97973287738459 1 128 131 127
0.142 0.785 -0.854 6.98 42.2 1.168633817754732 79.74654562823812 1 127 136 123
0.132 0.789 -0.839 6.54 42.89 1.1592523452639636 80.5023536413864 1 127 138 122
0.102 0.786 -0.808 5.17 43.98 1.1318409782297159 82.60599135740173 1 127 139 121
0.09 0.783 -0.785 4.64 44.74 1.1123911182673116 83.44305350183662 1 127 139 120
0.081 0.779 -0.772 4.22 45.1 1.0997208736765889 84.06374811760114 1 127 138 121
0.094 0.738 -0.758 5.08 44.02 1.0620941577845158 82.74124916352238 1 126 136 121
0.125 0.725 -0.745 6.86 43.82 1.0470315181502419 80.21759296819272 1 126 135 121
0.147 0.715 -0.733 8.17 43.72 1.0344674958644182 78.38219418869085 1 126 134 122
0.172 0.701 -0.726 9.67 43.22 1.0237485042724115 76.21403892321797 1 126 133 122
0.195 0.717 -0.708 10.95 44.31 1.0263420482470744 74.78545903768857 1 126 132 122
0.179 0.719 -0.708 10.06 44.55 1.0248248630863714 76.02002078192227 1 126 132 123
0.151 0.72 -0.709 8.5 44.81 1.02170543700227 78.15546499664022 1 126 132 123
0.123 0.741 -0.707 6.85 45.92 1.0315323552850875 80.57529812767974 1 126 132 123
0.113 0.755 -0.704 6.25 46.64 1.0384652136687103 81.48778992393035 1 126 132 124
0.083 0.747 -0.71 4.6 46.26 1.0339235948560221 83.6598082540901 1 125 131 124
0.073 0.748 -0.713 4.04 46.22 1.035954632211276 84.42595155716369 1 125 131 124
0.068 0.754 -0.71 3.76 46.59 1.0379017294522637 84.84668262276996 1 125 130 125
0.036 0.763 -0.706 1.98 47.18 1.0401447014718672 87.29866381344102 1 125 129 125
0.035 0.781 -0.695 1.92 48.3 1.0460454101041694 87.43404426139564 1 125 129 126
0.032 0.786 -0.695 1.75 48.49 1.0496880488983382 87.6686349132654 1 125 128 126
0.025 0.789 -0.687 1.37 48.93 1.0464774245056603 88.18515157135883 1 126 128 127
0.031 0.784 -0.682 1.71 48.95 1.0395869372015023 87.73565769611598 1 126 128 127
0.05 0.779 -0.677 2.77 48.93 1.033281181479659 86.32751649280456 1 126 127 127
0.063 0.778 -0.678 3.49 48.81 1.0338940951567526 85.37046883670133 1 127 127 127
0.12 0.795 -0.673 6.57 49.31 1.0485008345251805 81.41637851988605 1 127 127 129
0.152 0.795 -0.673 8.3 49.05 1.0526433394079877 79.17596629218274 1 127 127 130
0.178 0.786 -0.672 9.77 48.51 1.0493159676665555 77.23985123504636 1 127 127 130
0.212 0.778 -0.672 11.65 47.83 1.049672329824884 74.75734502950897 1 127 126 130
0.248 0.771 -0.669 13.66 47.22 1.050478938389533 72.16908426375774 1 127 126 130
0.265 0.77 -0.672 14.54 46.83 1.0557978026118449 71.00879894999733 1 127 126 129
0.28 0.781 -0.677 15.16 46.83 1.0708361219159541 70.27649568663713 1 127 126 128
0.295 0.758 -0.656 16.4 46.5 1.044952152014627 68.73490520563657 1 127 125 128
0.284 0.758 -0.669 15.69 46.2 1.050133800998711 69.46052383128868 1 126 125 127
0.278 0.751 -0.678 15.36 45.7 1.049270699104859 69.68680302008998 1 126 125 127
0.27 0.734 -0.681 15.09 45.06 1.0370231434254493 69.80408513798525 1 126 125 127
0.261 0.758 -0.717 14.04 44.81 1.0755342858319301 71.00002235917053 1 126 126 127
0.249 0.753 -0.724 13.41 44.52 1.0738649822021389 71.70212215843266 1 126 126 127
0.241 0.754 -0.722 13 44.73 1.0713920850930345 72.27463102396695 1 126 125 127
0.246 0.769 -0.709 13.23 45.7 1.0745036063224729 72.26073542249114 1 126 125 127
0.25 0.771 -0.701 13.49 46.01 1.0716072041564484 72.03449497164152 1 126 125 127
0.251 0.768 -0.696 13.61 46.07 1.066415022399816 71.90142175198811 1 126 125 127
0.258 0.761 -0.69 14.1 45.93 1.0591435219081502 71.27192302472154 1 126 125 127
0.248 0.752 -0.686 13.69 45.87 1.047665977303835 71.74810416292146 1 126 125 127
0.225 0.738 -0.688 12.57 45.55 1.0337373941190287 73.0446869479748 1 126 124 127
0.203 0.729 -0.689 11.44 45.42 1.023411451958595 74.43941295132859 1 126 123 126
0.178 0.728 -0.684 10.1 45.85 1.0146546210410714 76.26043105612352 1 126 122 125
0.189 0.755 -0.684 10.51 46.77 1.0361476728729355 75.94590181793876 1 126 121 124
0.162 0.766 -0.685 8.96 47.42 1.0403004373737426 78.05857648961725 1 126 121 124
0.152 0.775 -0.687 8.35 47.76 1.046755940991022 78.90348513659819 1 126 121 125
0.132 0.771 -0.692 7.26 47.58 1.0443797202167417 80.28479768331532 1 126 121 126
0.065 0.748 -0.702 3.63 46.69 1.0278779110380767 85.03356467049646 1 126 122 126
0.036 0.749 -0.709 2 46.53 1.031977712937639 87.24824844597741 1 126 121 126
0.023 0.77 -0.705 1.26 47.51 1.0442480548222248 88.28907634668066 1 126 121 126
-0.015 0.794 -0.708 -0.81 48.27 1.0639196398224822 91.08228522852835 -1 126 121 126
-0.026 0.805 -0.703 -1.39 48.85 1.0690696890287368 91.84990384029037 -1 126 122 126
-0.044 0.805 -0.703 -2.36 48.81 1.0696588241116884 93.12858167242838 -1 126 122 127
-0.054 0.798 -0.704 -2.9 48.5 1.0655214685777101 93.87125623198564 -1 126 122 127
-0.058 0.792 -0.699 -3.14 48.47 1.0579361984543303 94.18842625067386 -1 126 122 128
-0.06 0.784 -0.697 -3.27 48.26 1.0507449738161967 94.37635038948414 -1 126 122 128
-0.057 0.782 -0.695 -3.12 48.28 1.0477585599745773 94.16891817264063 -1 126 122 128
-0.066 0.776 -0.69 -3.64 48.23 1.0404960355522745 94.8613951117884 -1 126 122 128
-0.073 0.778 -0.688 -4.02 48.35 1.0411325564019214 95.36038771690592 -1 126 122 128
-0.073 0.778 -0.688 -4.02 48.35 1.0411325564019214 95.36038771690592 -1 126 122 128
-0.123 0.779 -0.678 -6.79 48.51 1.0400259612144305 98.9726266148964 -1 126 123 128
-0.154 0.776 -0.672 -8.53 48.38 1.0380154141437399 101.22471323168614 -1 126 122 128
-0.21 0.774 -0.656 -11.69 48.33 1.0361042418598625 105.17992743452625 -1 126 121 128
-0.244 0.761 -0.644 -13.75 47.86 1.0263493557264018 107.77744796481751 -1 126 120 128
-0.268 0.753 -0.632 -15.25 47.65 1.0189489683001793 109.59113723458354 -1 127 118 128
-0.277 0.772 -0.611 -15.71 49.01 1.0227580359009651 109.73840728466175 -1 127 117 129
-0.253 0.779 -0.608 -14.36 49.79 1.0200558808222224 107.99251916488255 -1 127 117 129
-0.244 0.791 -0.611 -13.72 50.25 1.0288527591448644 107.14344005875539 -1 127 118 129
-0.236 0.793 -0.623 -13.17 49.97 1.035699763444986 106.57321760107949 -1 127 119 129
-0.214 0.777 -0.64 -12 49.03 1.0291379888042225 105.39852932192943 -1 127 120 130
-0.197 0.774 -0.658 -10.97 48.41 1.0348183415459933 104.27983170977282 -1 127 122 130
-0.177 0.772 -0.676 -9.79 47.85 1.0412919859482257 102.91328470944879 -1 127 124 130
-0.146 0.772 -0.694 -8.01 47.43 1.0483014833529523 100.7092498544394 -1 128 125 130
-0.114 0.784 -0.722 -6.11 47.01 1.0718843221168972 98.27329036616162 -1 128 127 129
-0.089 0.786 -0.745 -4.7 46.33 1.0866195286299618 96.46017435604855 -1 128 128 129
-0.068 0.79 -0.763 -3.54 45.88 1.1004058342266276 94.91966248934872 -1 128 130 128
-0.049 0.8 -0.779 -2.51 45.71 1.117694949438352 93.50498781118854 -1 128 131 127
-0.054 0.796 -0.775 -2.78 45.7 1.1122755953449668 93.88095331927326 -1 128 131 127
-0.064 0.792 -0.764 -3.33 45.93 1.1022957860755886 94.61992348166041 -1 128 132 127
-0.075 0.789 -0.758 -3.92 46.01 1.0966813575510437 95.43005107301195 -1 128 132 126
-0.079 0.789 -0.746 -4.16 46.45 1.0887047349947552 95.71778297050409 -1 128 132 126
-0.055 0.803 -0.761 -2.85 46.46 1.1076800079445328 93.9182488640674 -1 128 133 126
-0.005 0.798 -0.811 -0.25 44.54 1.1377829318459651 90.3589914144594 -1 128 133 125
0.039 0.785 -0.841 1.94 43 1.1510981713129422 87.1557966220316 1 129 133 125
0.029 0.763 -0.838 1.47 42.3 1.1336904339368838 87.82335754268594 1 129 132 126
0.023 0.758 -0.817 1.18 42.84 1.1147116219004805 88.26200696678984 1 129 132 126
0.006 0.749 -0.81 0.31 42.76 1.1032393212716813 89.54103161027278 1 129 131 126
-0.025 0.762 -0.771 -1.32 44.65 1.0843016185545422 91.87910876722657 -1 128 130 126
-0.031 0.777 -0.766 -1.63 45.39 1.0915337832609673 92.28472026269289 -1 126 128 125
-0.024 0.765 -0.775 -1.26 44.61 1.0892318394171188 91.79692527269599 -1 125 129 125
-0.024 0.765 -0.775 -1.26 44.61 1.0892318394171188 91.79692527269599 -1 125 129 125
-0.008 0.736 -0.787 -0.43 43.08 1.0775569590513534 90.62275568720634 -1 125 130 125
0.007 0.731 -0.781 0.37 43.1 1.0697527751775173 89.45135677413795 1 125 130 125
0.01 0.742 -0.771 0.54 43.9 1.0700957901047925 89.22786642888408 1 125 131 125
0.045 0.745 -0.776 2.4 43.78 1.0766735809891501 86.543380827958 1 126 131 124
0.1 0.743 -0.776 5.32 43.52 1.078992585702052 82.33465231179527 1 125 132 125
0.15 0.719 -0.757 8.18 42.97 1.0547558959304282 78.21580087747608 1 125 133 126
0.175 0.695 -0.752 9.7 41.99 1.038823372859891 75.86680945113709 1 125 133 126
0.191 0.689 -0.736 10.73 42.18 1.0261081814311783 74.50591598684039 1 125 133 126
0.175 0.674 -0.714 10.11 42.52 0.9973449754222458 75.44489566655214 1 125 133 126
0.185 0.673 -0.707 10.73 42.64 0.9934802464065403 74.62968511235235 1 125 132 126
0.191 0.679 -0.715 10.96 42.54 1.0043639778486682 74.2889185415443 1 125 132 126
0.203 0.693 -0.707 11.59 43.29 1.0105973481065542 73.673146489435 1 126 132 126
0.189 0.692 -0.717 10.74 43.02 1.0142356728098256 74.72386560665846 1 126 131 126
0.211 0.596 -0.785 12.08 36.25 1.0079494034920602 70.50467008681109 1 128 131 124
0.238 0.55 -0.843 13.3 32.12 1.0343079812125593 66.60054868076084 1 129 131 125
0.006 0.349 -0.888 0.36 21.46 0.954138878780233 89.01506930104503 1 133 132 128
-0.198 0.257 -0.8 -13.26 17.32 0.863280371605888 127.61166345804777 -1 136 132 128
-0.357 0.313 -0.626 -27.03 23.48 0.7856805966803558 138.75731263816536 2 139 130 132
-0.191 -0.093 -0.671 -15.75 -7.59 0.7038259728086198 -154.03804001730254 -2 142 128 139
0.154 -0.005 -0.889 9.83 -0.32 0.9022538445470876 -1.8595993387455583 -2 140 128 135
0.44 -0.172 -1.237 19.41 -7.46 1.3241423639473213 -21.35098024765359 -2 134 127 138
0.562 -0.554 -1.367 20.86 -20.55 1.578432450249297 -44.58928460123493 -2 124 127 130
0.431 -0.003 -1.115 21.13 -0.14 1.1954057888432696 -0.39880408973683007 -2 120 125 130
0.362 -0.065 -0.933 21.16 -3.72 1.0028748675682326 -10.179442482336638 -2 119 124 133
0.189 0.081 -0.543 19 8.02 0.5806298304427702 23.19859051364819 2 120 127 132
0.169 0.013 -0.571 16.48 1.25 0.5956265608583955 4.398705354995531 2 122 130 134
0.471 0.124 -0.764 31.32 7.87 0.9060424934847151 14.74955048192005 2 122 131 134
0.321 -0.008 -0.767 22.71 -0.55 0.8315010523144274 -1.4276366745602422 -2 123 129 130
0.541 0.028 -0.894 31.17 1.53 1.0453233949357492 2.962757244693716 2 124 125 126
0.604 0.084 -0.853 35.17 4.59 1.048561395436624 7.917503034828343 2 124 126 126
0.589 0.04 -0.855 34.53 2.21 1.0390120307291921 3.885089285209982 2 125 126 128
0.591 0.026 -0.886 33.69 1.4 1.0653417292118055 2.519002251705658 2 126 127 129
0.574 0.02 -0.883 33.02 1.09 1.0533589131915104 1.9955613157077445 2 126 128 129
0.595 0.006 -0.888 33.82 0.32 1.0689270321214632 0.5777529835856002 2 126 127 129
0.612 0.009 -0.896 34.33 0.48 1.0850995346050059 0.8425242607404145 2 126 127 128
0.598 0.022 -0.896 33.71 1.17 1.0774525511594468 2.106921290688149 2 126 126 127
0.593 0.022 -0.895 33.52 1.17 1.0738519451023032 2.1246700122941355 2 126 127 127
0.59 0.02 -0.903 33.15 1.06 1.078846142876731 1.9414863909143774 2 127 127 128
0.592 0.02 -0.905 33.18 1.06 1.0816140716540257 1.9349323095527697 2 127 127 128
0.598 0.012 -0.906 33.42 0.63 1.0856260866430947 1.1495937942748427 2 127 127 128
0.602 0.006 -0.905 33.63 0.32 1.0869521608608173 0.5710353731147717 2 127 127 128
0.601 0.005 -0.902 33.68 0.26 1.0838957514447596 0.4766593817531211 2 127 127 127
0.602 0.002 -0.9 33.78 0.11 1.0827779088991427 0.19035072662975377 2 126 127 127
0.603 0 -0.9 33.82 0 1.0833323589739208 0 -2 127 127 127
0.605 -0.004 -0.899 33.94 -0.21 1.0836244736992608 -0.37880955160877117 -2 127 127 128
0.609 -0.011 -0.899 34.11 -0.58 1.0859111381692335 -1.0347866140221642 -2 127 127 128
0.61 -0.016 -0.899 34.15 -0.84 1.0865343989032283 -1.5024956157010674 -2 127 127 128
0.613 -0.02 -0.898 34.31 -1.05 1.087461723464325 -1.8686937143723032 -2 126 127 127
0.612 -0.022 -0.894 34.39 -1.16 1.0836346247698068 -2.0587657049905275 -2 126 127 127
0.613 -0.025 -0.892 34.49 -1.32 1.0826162755103952 -2.335401522383966 -2 126 127 127
0.613 -0.028 -0.887 34.63 -1.49 1.0785740586533685 -2.6152814074513886 -2 126 127 127
0.616 -0.033 -0.887 34.76 -1.75 1.0804230652850761 -3.066485501125894 -2 126 127 127
0.618 -0.041 -0.886 34.87 -2.17 1.0810185012292806 -3.7956141606149996 -2 126 127 127
0.62 -0.046 -0.887 34.92 -2.43 1.083182810055625 -4.243202757619135 -2 126 127 127
0.625 -0.051 -0.885 35.19 -2.7 1.0846432593253876 -4.6649998687469525 -2 126 127 127
0.624 -0.049 -0.882 35.24 -2.6 1.0815271610089134 -4.4899741337806125 -2 126 127 127
0.623 -0.053 -0.875 35.4 -2.82 1.0754361905757124 -4.862571746969791 -2 126 127 127
0.624 -0.053 -0.875 35.44 -2.82 1.0760157991405144 -4.854816438612605 -2 126 127 127
0.625 -0.056 -0.879 35.36 -2.97 1.080000925925529 -5.120029582126352 -2 126 127 127
0.625 -0.061 -0.877 35.41 -3.24 1.0786449833008078 -5.574412647192546 -2 126 127 127
0.628 -0.067 -0.879 35.47 -3.55 1.0823650031297205 -6.089730937373962 -2 126 127 127
0.634 -0.07 -0.883 35.59 -3.68 1.0892864636999764 -6.300513234584643 -2 126 127 127
0.634 -0.072 -0.879 35.71 -3.8 1.086177241521843 -6.4790182158716565 -2 126 127 127
0.634 -0.072 -0.879 35.71 -3.8 1.086177241521843 -6.4790182158716565 -2 126 127 127
0.633 -0.071 -0.875 35.79 -3.76 1.0822915503689383 -6.399792049842545 -2 126 127 127
0.633 -0.073 -0.873 35.85 -3.87 1.0808084936749895 -6.57850903849369 -2 126 127 127
0.633 -0.081 -0.871 35.89 -4.3 1.0797643261378846 -7.292058964582692 -2 126 127 127
0.634 -0.087 -0.868 36.01 -4.63 1.0784011313050446 -7.81355430688297 -2 126 127 127
0.639 -0.09 -0.868 36.21 -4.77 1.0815937314907107 -8.017093073655328 -2 126 127 127
0.64 -0.093 -0.866 36.31 -4.94 1.0808353251073912 -8.267922681968434 -2 126 127 127
0.64 -0.092 -0.866 36.31 -4.88 1.0807497397640213 -8.180229882497521 -2 126 127 127
0.64 -0.092 -0.867 36.28 -4.88 1.0815512008222266 -8.180229882497521 -2 126 126 127
0.639 -0.091 -0.87 36.15 -4.82 1.0832829731884461 -8.104994652207871 -2 126 126 127
0.634 -0.098 -0.867 36 -5.21 1.0785402171453784 -8.786903506823855 -2 126 127 127
0.635 -0.102 -0.865 36.09 -5.43 1.0778933156857409 -9.125464399978354 -2 126 127 127
0.636 -0.108 -0.864 36.15 -5.75 1.0782652734832927 -9.637538112930946 -2 126 127 127
0.637 -0.111 -0.86 36.3 -5.92 1.0759600364325805 -9.884785339049138 -2 126 127 127
0.639 -0.114 -0.859 36.41 -6.08 1.07666057789816 -10.115361324067173 -2 126 127 127
0.643 -0.109 -0.864 36.44 -5.78 1.08250912236341 -9.621195905868955 -2 126 127 127
0.643 -0.108 -0.865 36.41 -5.72 1.0832072747170784 -9.534555880690407 -2 126 126 127
0.644 -0.102 -0.867 36.42 -5.4 1.084817496171591 -9.000036489785018 -2 126 126 127
0.643 -0.103 -0.867 36.37 -5.45 1.0843186800936337 -9.100702549295796 -2 126 126 127
0.645 -0.106 -0.866 36.48 -5.61 1.084996313357792 -9.332628763633288 -2 126 127 127
0.646 -0.113 -0.865 36.52 -5.98 1.0854998848456872 -9.921942568015877 -2 126 127 127
0.646 -0.12 -0.861 36.62 -6.36 1.0830683265611638 -10.523233898289844 -2 126 127 127
0.647 -0.128 -0.862 36.59 -6.77 1.0853741290449113 -11.19067292083096 -2 126 127 127
0.645 -0.13 -0.863 36.47 -6.88 1.085216107510389 -11.395321053892848 -2 126 127 127
0.645 -0.13 -0.864 36.44 -6.88 1.0860115100679182 -11.395321053892848 -2 126 126 127
0.645 -0.127 -0.864 36.45 -6.72 1.0856564834237392 -11.13900285130023 -2 126 126 127
0.646 -0.128 -0.86 36.61 -6.79 1.0831897340724752 -11.207557753580357 -2 126 126 127
0.646 -0.128 -0.858 36.67 -6.8 1.0816025147899757 -11.207557753580357 -2 126 127 127
0.646 -0.13 -0.857 36.7 -6.91 1.081048102537533 -11.37814170312252 -2 126 127 127
0.647 -0.135 -0.853 36.84 -7.19 1.0790936011301335 -11.785969539838465 -2 126 127 127
0.647 -0.138 -0.856 36.73 -7.33 1.0818451830091032 -12.040316424516924 -2 126 127 127
0.648 -0.141 -0.855 36.79 -7.49 1.082039740490154 -12.275785793778926 -2 126 127 127
0.648 -0.14 -0.853 36.86 -7.45 1.080330042163042 -12.191336470602353 -2 126 127 127
0.649 -0.143 -0.853 36.88 -7.6 1.0813228010173466 -12.425942865427483 -2 126 126 127
0.648 -0.141 -0.85 36.95 -7.52 1.078093224169413 -12.275785793778926 -2 126 126 127
0.649 -0.141 -0.849 37.02 -7.52 1.0779067677679735 -12.257443152252629 -2 126 126 127
0.65 -0.144 -0.849 37.05 -7.67 1.0789054638845796 -12.491469311365774 -2 126 126 127
0.651 -0.144 -0.849 37.09 -7.67 1.0795082213674891 -12.472882124654655 -2 126 126 127
0.652 -0.144 -0.85 37.1 -7.66 1.0808977750000228 -12.454349298158562 -2 126 126 127
0.653 -0.144 -0.848 37.21 -7.66 1.079930090329925 -12.435870597613375 -2 126 126 127
0.653 -0.146 -0.846 37.26 -7.78 1.0786292226710714 -12.603109213310848 -2 126 126 127
0.654 -0.148 -0.846 37.29 -7.88 1.0795072950193527 -12.751242487537533 -2 126 126 127
0.654 -0.151 -0.846 37.27 -8.04 1.0799226824175885 -13.001014980556919 -2 126 126 127
0.654 -0.151 -0.846 37.27 -8.04 1.0799226824175885 -13.001014980556919 -2 126 126 127
0.656 -0.156 -0.848 37.26 -8.28 1.0834094332245774 -13.376752829851442 -2 126 127 127
0.657 -0.159 -0.847 37.32 -8.44 1.0836692299774873 -13.60452886463207 -2 126 127 127
0.655 -0.16 -0.846 37.26 -8.51 1.0818229984613934 -13.727096578549785 -2 126 126 127
0.655 -0.159 -0.844 37.33 -8.47 1.080112031226391 -13.644518801171989 -2 126 126 127
0.652 -0.158 -0.841 37.31 -8.45 1.0758015616274221 -13.621964501738258 -2 126 126 127
0.653 -0.158 -0.84 37.38 -8.45 1.0756267940136115 -13.60187945383213 -2 126 126 127
0.653 -0.16 -0.841 37.34 -8.55 1.0767033017503012 -13.767542287160222 -2 126 126 127
0.653 -0.163 -0.84 37.35 -8.71 1.0763726120633135 -14.01559634106776 -2 126 126 127
0.655 -0.167 -0.841 37.38 -8.9 1.0789786837560786 -14.303498484684392 -2 126 126 127
0.654 -0.17 -0.842 37.28 -9.06 1.079620303625307 -14.570933712822448 -2 126 126 127
0.655 -0.171 -0.843 37.29 -9.1 1.0811637248816666 -14.63155619213347 -2 126 126 127
0.655 -0.169 -0.844 37.27 -8.99 1.0816293265254968 -14.467648499129824 -2 126 126 127
0.654 -0.167 -0.843 37.27 -8.9 1.079932405292109 -14.32446989511441 -2 126 126 127
0.654 -0.168 -0.844 37.23 -8.94 1.08086816957481 -14.40668515643687 -2 126 126 127
0.655 -0.168 -0.844 37.28 -8.94 1.0814735318074131 -14.385603647429265 -2 126 126 127
0.655 -0.171 -0.841 37.35 -9.11 1.0796050203662448 -14.63155619213347 -2 126 126 127
0.658 -0.174 -0.84 37.49 -9.26 1.081129039476787 -14.81211892641384 -2 126 126 127
0.659 -0.175 -0.838 37.59 -9.32 1.0803471664238307 -14.871875057423026 -2 126 126 127
0.659 -0.177 -0.837 37.61 -9.43 1.079897680338281 -15.034184915637656 -2 126 126 127
0.659 -0.177 -0.84 37.51 -9.41 1.0822245608005763 -15.034184915637656 -2 126 126 127
0.658 -0.179 -0.838 37.52 -9.54 1.0803929840571902 -15.218272547678575 -2 126 126 127
0.658 -0.181 -0.837 37.54 -9.65 1.0799509248109378 -15.380298847245015 -2 126 126 127
0.659 -0.182 -0.836 37.6 -9.7 1.0799541656940816 -15.438876185628642 -2 126 126 127
0.658 -0.183 -0.836 37.56 -9.76 1.0795133162680302 -15.542073463291128 -2 126 126 127
0.658 -0.184 -0.833 37.64 -9.83 1.0773620561352624 -15.622865768068621 -2 126 126 127
0.659 -0.185 -0.835 37.62 -9.87 1.079690233353993 -15.680938030064327 -2 126 126 127
0.658 -0.184 -0.835 37.58 -9.82 1.0789091713392744 -15.622865768068621 -2 126 126 127
0.659 -0.185 -0.835 37.62 -9.87 1.079690233353993 -15.680938030064327 -2 126 126 127
0.659 -0.186 -0.834 37.64 -9.93 1.0790889676018376 -15.76149834339913 -2 126 126 127
0.66 -0.187 -0.835 37.64 -9.96 1.0806451776600865 -15.81919394750014 -2 126 126 127
0.659 -0.188 -0.835 37.59 -10.02 1.08020831324333 -15.922427058892861 -2 126 126 127
0.658 -0.19 -0.833 37.6 -10.15 1.0784029859009108 -16.10627412096758 -2 126 126 127
0.659 -0.191 -0.835 37.57 -10.18 1.0807344724769354 -16.16333675385751 -2 126 126 127
0.659 -0.192 -0.837 37.5 -10.22 1.0824573894615899 -16.243510134334212 -2 126 126 127
0.661 -0.194 -0.835 37.64 -10.32 1.0824887990182623 -16.35668456172139 -2 126 126 127
0.661 -0.196 -0.833 37.68 -10.44 1.0813075418214746 -16.51616581723324 -2 126 126 127
0.664 -0.197 -0.833 37.8 -10.48 1.0833254358686497 -16.52492487844139 -2 126 126 127
0.664 -0.197 -0.832 37.83 -10.48 1.0825566959748574 -16.52492487844139 -2 126 126 127
0.661 -0.199 -0.827 37.85 -10.65 1.0772423125741024 -16.754894342287077 -2 126 126 127
0.662 -0.2 -0.828 37.85 -10.68 1.078808602116242 -16.81034394422212 -2 126 126 127
0.66 -0.201 -0.827 37.79 -10.76 1.0770004642524533 -16.93787583840791 -2 126 126 127
0.661 -0.202 -0.827 37.83 -10.8 1.0778005381331 -16.99302545124071 -2 126 126 127
0.66 -0.204 -0.829 37.71 -10.9 1.079100088036323 -17.175903615746744 -2 126 126 127
0.66 -0.204 -0.83 37.68 -10.89 1.0798685105141275 -17.175903615746744 -2 126 126 127
0.658 -0.204 -0.831 37.56 -10.89 1.0794169722586355 -17.225025004272677 -2 126 126 127
0.658 -0.204 -0.835 37.43 -10.86 1.0824994226326405 -17.225025004272677 -2 126 126 127
0.66 -0.203 -0.832 37.62 -10.82 1.0812182943328326 -17.096628481478206 -2 126 126 127
0.659 -0.205 -0.833 37.53 -10.92 1.0817555176656137 -17.27973677982602 -2 126 126 127
0.66 -0.206 -0.831 37.63 -10.99 1.0810166511206014 -17.334250424962537 -2 126 126 127
0.661 -0.208 -0.829 37.72 -11.1 1.0804748955898975 -17.467471709836747 -2 126 126 127
0.66 -0.209 -0.829 37.67 -11.16 1.0800564800046337 -17.571258778322424 -2 126 126 127
0.662 -0.209 -0.829 37.75 -11.14 1.0812797972772819 -17.521426110896577 -2 126 126 127
0.662 -0.209 -0.829 37.75 -11.14 1.0812797972772819 -17.521426110896577 -2 126 126 127
0.662 -0.209 -0.829 37.75 -11.14 1.0812797972772819 -17.521426110896577 -2 126 126 127
0.662 -0.21 -0.828 37.77 -11.2 1.0807071758806823 -17.600096734004122 -2 126 126 127
0.663 -0.211 -0.828 37.81 -11.25 1.0815146785873966 -17.65369116131337 -2 126 126 127
0.662 -0.212 -0.825 37.85 -11.33 1.078801649980199 -17.757232356964245 -2 126 126 127
0.662 -0.215 -0.822 37.92 -11.51 1.0771039875518056 -17.99241866236889 -2 126 126 127
0.662 -0.216 -0.822 37.92 -11.57 1.077304042506107 -18.070675387269006 -2 126 126 127
0.661 -0.217 -0.823 37.83 -11.62 1.0776543972907084 -18.17451525510864 -2 126 126 127
0.661 -0.218 -0.824 37.79 -11.66 1.0786199516048272 -18.25272751244737 -2 126 126 127
0.662 -0.217 -0.824 37.84 -11.6 1.0790315101979182 -18.148862423964303 -2 126 126 127
0.662 -0.217 -0.822 37.91 -11.62 1.0775049883875247 -18.148862423964303 -2 126 126 127
0.662 -0.218 -0.82 37.96 -11.69 1.0761821407178247 -18.226979574691402 -2 126 126 127
0.663 -0.219 -0.823 37.9 -11.71 1.0792863382809958 -18.27925415312424 -2 126 126 127
0.663 -0.219 -0.823 37.9 -11.71 1.0792863382809958 -18.27925415312424 -2 126 126 127
0.663 -0.22 -0.822 37.92 -11.77 1.078727491074553 -18.35713658531947 -2 126 126 127
0.664 -0.221 -0.822 37.96 -11.81 1.079546664114155 -18.409058278135152 -2 126 126 127
0.663 -0.222 -0.823 37.88 -11.86 1.0798990693578727 -18.512690674145485 -2 126 126 127
0.663 -0.225 -0.822 37.88 -12.03 1.0797583062889584 -18.74549201242791 -2 126 126 127
0.663 -0.227 -0.822 37.86 -12.13 1.0801768373743255 -18.90033751887688 -2 126 126 127
0.661 -0.226 -0.822 37.79 -12.09 1.0787404692510614 -18.87587640255316 -2 126 126 127
0.662 -0.227 -0.821 37.85 -12.15 1.0788021134573291 -18.926857120905048 -2 126 126 127
0.662 -0.227 -0.82 37.88 -12.16 1.0780412793580771 -18.926857120905048 -2 126 126 127
0.663 -0.227 -0.82 37.93 -12.15 1.0786556447726958 -18.90033751887688 -2 126 126 127
0.662 -0.227 -0.822 37.82 -12.14 1.0795633376509226 -18.926857120905048 -2 126 126 127
0.666 -0.228 -0.821 38.01 -12.17 1.0814716824771695 -18.89824691526381 -2 126 126 127
0.666 -0.229 -0.82 38.03 -12.23 1.0809241416491724 -18.975216316679955 -2 126 126 127
0.665 -0.231 -0.821 37.94 -12.33 1.081492949584046 -19.15561244543967 -2 126 126 127
0.666 -0.232 -0.821 37.98 -12.38 1.0823220407993177 -19.205697568313994 -2 126 126 127
0.667 -0.231 -0.82 38.06 -12.33 1.081965803526156 -19.102342591967624 -2 126 126 127
0.665 -0.231 -0.819 38.01 -12.35 1.0799754626842224 -19.15561244543967 -2 126 126 127
0.665 -0.232 -0.819 38 -12.4 1.0801897981373458 -19.23245868211474 -2 126 126 127
0.665 -0.231 -0.819 38.01 -12.35 1.0799754626842224 -19.15561244543967 -2 126 126 127
0.664 -0.231 -0.818 38 -12.37 1.0786014092332719 -19.182354741899967 -2 126 126 127
0.664 -0.232 -0.818 37.99 -12.42 1.07881601767864 -19.259291643767163 -2 126 126 127
0.664 -0.232 -0.818 37.99 -12.42 1.07881601767864 -19.259291643767163 -2 126 126 127
0.664 -0.234 -0.817 38 -12.53 1.0784901483092 -19.41294889597722 -2 126 126 127
0.664 -0.235 -0.818 37.96 -12.57 1.07946514533819 -19.489668897871308 -2 126 126 127
0.664 -0.236 -0.817 37.98 -12.63 1.0789258547277472 -19.566316253604477 -2 126 126 127
0.665 -0.238 -0.817 38.01 -12.73 1.0799805553805124 -19.69202123873652 -2 126 126 127
0.663 -0.238 -0.818 37.89 -12.74 1.0795077581935202 -19.746836605426118 -2 126 126 127
0.663 -0.237 -0.813 38.06 -12.73 1.0755031380707356 -19.670245891800562 -2 126 126 127
0.663 -0.24 -0.814 38 -12.88 1.0769238598898252 -19.8997975591438 -2 126 126 127
0.663 -0.24 -0.816 37.94 -12.86 1.0784363680811213 -19.8997975591438 -2 126 126 127
0.662 -0.241 -0.815 37.92 -12.93 1.0772882622585285 -20.003951456529567 -2 126 126 127
0.664 -0.241 -0.814 38.03 -12.92 1.0777629609519896 -19.948457409340406 -2 126 126 127
0.663 -0.241 -0.814 37.99 -12.93 1.0771471580058132 -19.976167466645897 -2 126 126 127
0.663 -0.241 -0.812 38.05 -12.95 1.0756365557194494 -19.976167466645897 -2 126 126 127
0.664 -0.242 -0.811 38.12 -13 1.0757234774792266 -20.024665348881367 -2 126 126 127
0.663 -0.241 -0.81 38.12 -12.97 1.074127552947042 -19.976167466645897 -2 126 126 127
0.664 -0.242 -0.811 38.12 -13 1.0757234774792266 -20.024665348881367 -2 126 126 127
0.664 -0.242 -0.811 38.12 -13 1.0757234774792266 -20.024665348881367 -2 126 126 127
0.666 -0.242 -0.81 38.23 -12.99 1.0762062999258089 -19.96929032262278 -2 126 126 127
0.666 -0.244 -0.81 38.21 -13.1 1.076657791501088 -20.121135114223808 -2 126 126 127
0.665 -0.243 -0.813 38.09 -13.03 1.0780737451584654 -20.07298760343458 -2 126 126 127
0.664 -0.246 -0.812 38.05 -13.2 1.0773838684517232 -20.328757369130205 -2 126 126 127
0.665 -0.247 -0.811 38.11 -13.25 1.0774762178349926 -20.376435213836388 -2 126 126 127
0.665 -0.247 -0.812 38.08 -13.24 1.0782291036695308 -20.376435213836388 -2 126 126 127
0.665 -0.247 -0.811 38.11 -13.25 1.0774762178349926 -20.376435213836388 -2 126 126 127
0.665 -0.249 -0.81 38.12 -13.37 1.0771842924959498 -20.527713700788357 -2 126 126 127
0.664 -0.248 -0.81 38.09 -13.32 1.0763363786474933 -20.48035731180924 -2 126 126 127
0.663 -0.247 -0.809 38.09 -13.29 1.0747367119439069 -20.432828679398682 -2 126 126 127
0.662 -0.247 -0.809 38.05 -13.29 1.0741201050161941 -20.461137604692258 -2 126 126 127
0.662 -0.249 -0.808 38.06 -13.41 1.0738291297967288 -20.61293328248467 -2 126 126 127
0.662 -0.251 -0.809 38.01 -13.5 1.0750469757178056 -20.764427033361017 -2 126 126 127
0.661 -0.251 -0.809 37.97 -13.51 1.0744314775731396 -20.793156014274377 -2 126 126 127
0.665 -0.252 -0.81 38.09 -13.52 1.0778817189283805 -20.75407131879939 -2 126 126 127
0.665 -0.252 -0.81 38.09 -13.52 1.0778817189283805 -20.75407131879939 -2 126 126 127
0.664 -0.251 -0.81 38.06 -13.48 1.0770315687109642 -20.707196142180347 -2 126 126 127
0.665 -0.251 -0.81 38.1 -13.47 1.0776483656555138 -20.6786936628538 -2 126 126 127
0.664 -0.251 -0.812 38 -13.46 1.0785365084224086 -20.707196142180347 -2 126 126 127
0.663 -0.251 -0.811 37.99 -13.47 1.0771680463140374 -20.73577383773134 -2 126 126 127
0.664 -0.251 -0.813 37.97 -13.45 1.0792895811597554 -20.707196142180347 -2 126 126 127
0.667 -0.254 -0.813 38.06 -13.58 1.0818382503868127 -20.84731348203534 -2 126 126 127
0.667 -0.255 -0.811 38.12 -13.65 1.0805716079927328 -20.92229746763556 -2 126 126 127
0.667 -0.256 -0.81 38.14 -13.71 1.08005786882 -20.99720649417504 -2 126 126 127
0.666 -0.256 -0.808 38.16 -13.74 1.0779406291628497 -21.025980379670244 -2 126 126 127
0.664 -0.255 -0.809 38.05 -13.69 1.0772195690758686 -21.008594211730298 -2 126 126 127
0.663 -0.255 -0.809 38.01 -13.7 1.0766034553167663 -21.037511025421814 -2 126 126 127
0.663 -0.256 -0.808 38.03 -13.76 1.0760896802776245 -21.112755464806447 -2 126 126 127
0.662 -0.257 -0.807 38.01 -13.83 1.074961394655641 -21.21708471354086 -2 126 126 127
0.663 -0.259 -0.808 38 -13.92 1.0768073179543312 -21.33803081693509 -2 126 126 127
0.664 -0.26 -0.807 38.07 -13.97 1.0769145741422577 -21.383635164761746 -2 126 126 127
0.664 -0.26 -0.81 37.97 -13.94 1.0791644916322998 -21.383635164761746 -2 126 126 127
0.666 -0.259 -0.807 38.16 -13.9 1.0779081593531057 -21.25050550713324 -2 126 126 127
0.667 -0.259 -0.806 38.23 -13.9 1.0777782703320753 -21.221482392415258 -2 126 126 127
0.667 -0.26 -0.805 38.25 -13.97 1.077271553509142 -21.29609016225142 -2 126 126 127
0.667 -0.261 -0.805 38.24 -14.02 1.0775133409846953 -21.370622269343183 -2 126 126 127
0.667 -0.262 -0.805 38.23 -14.07 1.0777560020709698 -21.44507857687472 -2 126 126 127
0.667 -0.264 -0.808 38.12 -14.14 1.0804855390054973 -21.593763252502495 -2 126 126 127
0.665 -0.265 -0.807 38.06 -14.22 1.0787488122820807 -21.72709593591802 -2 126 126 127
0.664 -0.265 -0.807 38.02 -14.23 1.0781326449004316 -21.756763433429704 -2 126 126 127
0.663 -0.266 -0.807 37.96 -14.29 1.0777634248757935 -21.860983969185337 -2 126 126 127
0.662 -0.266 -0.805 37.98 -14.32 1.0756509656947277 -21.890887465947216 -2 126 126 127
0.663 -0.268 -0.805 38.01 -14.41 1.0767627408115494 -22.00970275548705 -2 126 126 127
0.663 -0.268 -0.806 37.97 -14.4 1.0775105567928325 -22.00970275548705 -2 126 126 127
0.664 -0.268 -0.806 38.02 -14.39 1.0781261521732974 -21.979715278516892 -2 126 126 127
0.665 -0.268 -0.806 38.06 -14.39 1.078742323263531 -21.949805371868695 -2 126 126 127
0.663 -0.267 -0.806 37.98 -14.35 1.0772622707586115 -21.93538222623904 -2 126 126 127
0.666 -0.266 -0.804 38.18 -14.29 1.0773708739333918 -21.77173793047863 -2 126 126 127
0.666 -0.266 -0.803 38.21 -14.3 1.0766248185881655 -21.77173793047863 -2 126 126 127
0.666 -0.266 -0.802 38.25 -14.31 1.0758791753724022 -21.77173793047863 -2 126 126 127
0.667 -0.267 -0.805 38.18 -14.33 1.0789823909591854 -21.8162184236062 -2 126 126 127
0.667 -0.267 -0.804 38.21 -14.34 1.0782365232174247 -21.8162184236062 -2 126 126 127
0.667 -0.269 -0.808 38.07 -14.4 1.0817180778742677 -21.964139122289033 -2 126 126 127
0.665 -0.269 -0.806 38.05 -14.44 1.078991195515515 -22.023887449932523 -2 126 126 127
0.665 -0.269 -0.806 38.05 -14.44 1.078991195515515 -22.023887449932523 -2 126 126 127
0.664 -0.27 -0.806 38 -14.5 1.078625050701123 -22.127962206751583 -2 126 126 127
0.663 -0.269 -0.803 38.06 -14.48 1.0755180147259273 -22.083945428969116 -2 126 126 127
0.663 -0.271 -0.801 38.1 -14.61 1.0745282685904545 -22.232196703360444 -2 126 126 127
0.664 -0.272 -0.802 38.1 -14.64 1.0761431131592119 -22.27589784825897 -2 126 126 127
0.667 -0.275 -0.801 38.22 -14.78 1.0780143783827747 -22.406052923916032 -2 126 126 127
0.667 -0.275 -0.801 38.22 -14.78 1.0780143783827747 -22.406052923916032 -2 126 126 127
0.666 -0.274 -0.801 38.19 -14.74 1.0771411235302457 -22.362825149310062 -2 126 126 127
0.667 -0.276 -0.801 38.21 -14.83 1.078269910551157 -22.479434397103113 -2 126 126 127
0.664 -0.275 -0.8 38.13 -14.82 1.075416663437944 -22.497215494980214 -2 126 126 127
0.665 -0.275 -0.8 38.17 -14.81 1.0760343860676573 -22.46674992099574 -2 126 126 127
0.665 -0.275 -0.798 38.23 -14.83 1.0745482771844177 -22.46674992099574 -2 126 126 127
0.665 -0.276 -0.798 38.22 -14.88 1.0748046334101842 -22.540287527663065 -2 126 126 127
0.665 -0.274 -0.798 38.24 -14.78 1.0742927906301896 -22.393134169829196 -2 126 126 127
0.663 -0.275 -0.798 38.15 -14.85 1.073311697504504 -22.527759498208837 -2 126 126 127
0.663 -0.276 -0.8 38.08 -14.88 1.0750558125046348 -22.601453708470693 -2 126 126 127
0.663 -0.276 -0.8 38.08 -14.88 1.0750558125046348 -22.601453708470693 -2 126 126 127
0.664 -0.276 -0.8 38.12 -14.87 1.0756728127083999 -22.57083134468102 -2 126 126 127
0.664 -0.277 -0.801 38.08 -14.91 1.0766735809891501 -22.644368647824418 -2 126 126 127
0.665 -0.277 -0.8 38.15 -14.91 1.0765472586003833 -22.61374687230147 -2 126 126 127
0.666 -0.278 -0.802 38.12 -14.93 1.0789087079081345 -22.656506882618537 -2 126 126 127
0.665 -0.279 -0.801 38.1 -15 1.0778065689167051 -22.76043031176596 -2 126 126 127
0.665 -0.278 -0.799 38.17 -14.97 1.0760622658563956 -22.68712783866046 -2 126 126 127
0.664 -0.278 -0.797 38.19 -15 1.0739594964429524 -22.71782728816814 -2 126 126 127
0.664 -0.278 -0.798 38.16 -14.99 1.074701819110771 -22.71782728816814 -2 126 126 127
0.663 -0.28 -0.798 38.1 -15.1 1.0746036478627832 -22.895441069934062 -2 126 126 127
0.663 -0.279 -0.798 38.11 -15.05 1.0743435204812286 -22.822062881390856 -2 126 126 127
0.665 -0.281 -0.8 38.11 -15.12 1.0775834074446395 -22.906799324685622 -2 126 126 127
0.665 -0.281 -0.8 38.11 -15.12 1.0775834074446395 -22.906799324685622 -2 126 126 127
0.667 -0.28 -0.801 38.17 -15.04 1.079300699527245 -22.77218216554835 -2 126 126 127
0.666 -0.281 -0.802 38.09 -15.09 1.0796856023861763 -22.875947390920786 -2 126 126 127
0.664 -0.281 -0.802 38 -15.1 1.0784530587837378 -22.937730089206458 -2 126 126 127
0.664 -0.282 -0.804 37.93 -15.13 1.0802018329923349 -23.0108729415459 -2 126 126 127
0.664 -0.283 -0.803 37.95 -15.2 1.0797194079945032 -23.083936569061983 -2 126 126 127
0.663 -0.284 -0.802 37.93 -15.27 1.0786236600408874 -23.18815982388301 -2 126 126 127
0.664 -0.285 -0.8 38.02 -15.33 1.0780171612734188 -23.229825716539548 -2 126 126 127
0.664 -0.285 -0.8 38.02 -15.33 1.0780171612734188 -23.229825716539548 -2 126 126 127
0.664 -0.287 -0.8 38 -15.43 1.0785476345530596 -23.37539667810683 -2 126 126 127
0.663 -0.286 -0.797 38.06 -15.42 1.0754413047674893 -23.334041276709776 -2 126 126 127
0.664 -0.288 -0.802 37.93 -15.46 1.0802981070056543 -23.448062577957817 -2 126 126 127
0.664 -0.287 -0.798 38.06 -15.45 1.077064993396406 -23.37539667810683 -2 126 126 127
0.664 -0.287 -0.801 37.97 -15.42 1.0792895811597554 -23.37539667810683 -2 126 126 127
0.664 -0.287 -0.801 37.97 -15.42 1.0792895811597554 -23.37539667810683 -2 126 126 127
0.663 -0.286 -0.798 38.03 -15.41 1.076182605323093 -23.334041276709776 -2 126 126 127
0.663 -0.286 -0.797 38.06 -15.42 1.0754413047674893 -23.334041276709776 -2 126 126 127
0.662 -0.286 -0.798 37.99 -15.42 1.075566827305491 -23.365511467515418 -2 126 126 127
0.662 -0.288 -0.798 37.97 -15.52 1.0761003670661953 -23.51122353049334 -2 126 126 127
0.662 -0.289 -0.799 37.92 -15.56 1.077110022235426 -23.583958969252276 -2 126 126 127
0.662 -0.288 -0.799 37.93 -15.51 1.0768421425631522 -23.51122353049334 -2 126 126 127
0.664 -0.289 -0.801 37.95 -15.52 1.0798231336658795 -23.520648620381788 -2 126 126 127
0.664 -0.289 -0.799 38.01 -15.55 1.0783403915276475 -23.520648620381788 -2 126 126 127
0.664 -0.289 -0.799 38.01 -15.55 1.0783403915276475 -23.520648620381788 -2 126 126 127
0.664 -0.289 -0.798 38.04 -15.56 1.077599647364456 -23.520648620381788 -2 126 126 127
0.664 -0.291 -0.797 38.05 -15.67 1.0773977909760164 -23.66558073003316 -2 126 126 127
0.663 -0.292 -0.797 37.99 -15.73 1.077052459260922 -23.76976388387399 -2 126 126 127
0.664 -0.29 -0.797 38.06 -15.62 1.0771281260834293 -23.59315470433815 -2 126 126 127
0.664 -0.29 -0.798 38.03 -15.61 1.0778682665335315 -23.59315470433815 -2 126 126 127
0.666 -0.289 -0.8 38.06 -15.52 1.0803133804595777 -23.457658107459835 -2 126 126 127
0.666 -0.289 -0.798 38.12 -15.54 1.0788331659714583 -23.457658107459835 -2 126 126 127
0.668 -0.289 -0.797 38.24 -15.53 1.0793303479472816 -23.394985164057385 -2 126 126 127
0.668 -0.291 -0.796 38.24 -15.64 1.0791297419680361 -23.539325499089866 -2 126 126 127
0.666 -0.292 -0.793 38.24 -15.75 1.0759502776615655 -23.674492508351253 -2 126 126 127
0.665 -0.292 -0.793 38.2 -15.76 1.0753315767706257 -23.706169568286793 -2 126 126 127
0.663 -0.293 -0.795 38.04 -15.8 1.0758452490948687 -23.842103006240585 -2 126 126 127
0.663 -0.293 -0.794 38.07 -15.81 1.0751065063518126 -23.842103006240585 -2 126 126 127
0.663 -0.294 -0.793 38.09 -15.88 1.0746413355161806 -23.91436149365617 -2 126 126 127
0.663 -0.294 -0.792 38.12 -15.89 1.0739036269610045 -23.91436149365617 -2 126 126 127
0.664 -0.294 -0.795 38.07 -15.85 1.0767344147931746 -23.882377478247744 -2 126 126 127
0.664 -0.296 -0.798 37.96 -15.91 1.0794980314942682 -24.026506578679193 -2 126 126 127
0.664 -0.294 -0.799 37.95 -15.8 1.079691159545173 -23.882377478247744 -2 126 126 127
0.663 -0.294 -0.801 37.85 -15.79 1.0805581890856224 -23.91436149365617 -2 126 126 127
0.663 -0.295 -0.797 37.96 -15.88 1.0778696581683707 -23.986539251399783 -2 126 126 127
0.664 -0.296 -0.797 37.99 -15.93 1.078759009232368 -24.026506578679193 -2 126 126 127
0.664 -0.294 -0.795 38.07 -15.85 1.0767344147931746 -23.882377478247744 -2 126 126 127
0.665 -0.295 -0.794 38.14 -15.9 1.0768871807204319 -23.922505883013265 -2 126 126 127
0.666 -0.296 -0.793 38.2 -15.95 1.077042710388033 -23.962488974578182 -2 126 126 127
0.666 -0.296 -0.795 38.13 -15.93 1.078516110218109 -23.962488974578182 -2 126 126 127
0.665 -0.297 -0.797 38.02 -15.97 1.0796494801554808 -24.06632897432177 -2 126 126 127
0.664 -0.297 -0.798 37.95 -15.97 1.079772661257915 -24.09845022855259 -2 126 126 127
0.665 -0.297 -0.795 38.08 -15.99 1.078173919180018 -24.06632897432177 -2 126 126 127
0.664 -0.294 -0.794 38.1 -15.86 1.0759962825214593 -23.882377478247744 -2 126 126 127
0.663 -0.296 -0.792 38.1 -15.99 1.074452884029821 -24.05863618598693 -2 126 126 127
0.664 -0.296 -0.791 38.17 -15.99 1.0743337470265002 -24.026506578679193 -2 126 126 127
0.663 -0.296 -0.794 38.04 -15.97 1.0759279715668704 -24.05863618598693 -2 126 126 127
0.662 -0.297 -0.794 37.99 -16.03 1.075587746304317 -24.162935188413826 -2 126 126 127
0.664 -0.298 -0.796 38 -16.04 1.078571277199611 -24.170313156246657 -2 126 126 127
0.664 -0.297 -0.795 38.04 -16 1.0775574230638478 -24.09845022855259 -2 126 126 127
0.665 -0.297 -0.795 38.08 -15.99 1.078173919180018 -24.06632897432177 -2 126 126 127
0.666 -0.296 -0.795 38.13 -15.93 1.078516110218109 -23.962488974578182 -2 126 126 127
0.666 -0.297 -0.794 38.15 -15.99 1.0780542657955583 -24.03428815944258 -2 126 126 127
0.666 -0.299 -0.792 38.19 -16.12 1.0771355532151003 -24.177645966961016 -2 126 126 127
0.665 -0.299 -0.792 38.15 -16.13 1.0765175335311545 -24.20983031024799 -2 126 126 127
0.666 -0.3 -0.791 38.21 -16.18 1.0766786893033595 -24.249204410401376 -2 126 126 127
0.665 -0.3 -0.79 38.2 -16.2 1.0753255321064408 -24.281460095510933 -2 126 126 127
0.665 -0.3 -0.79 38.2 -16.2 1.0753255321064408 -24.281460095510933 -2 126 126 127
0.663 -0.3 -0.792 38.06 -16.2 1.0755617137105615 -24.346213866164906 -2 126 126 127
0.664 -0.301 -0.791 38.12 -16.25 1.075722083067927 -24.385416712963266 -2 126 126 127
0.662 -0.302 -0.789 38.08 -16.34 1.0732981878303904 -24.522156432738488 -2 126 126 127
0.662 -0.303 -0.794 37.92 -16.34 1.0772599500584807 -24.593755840560586 -2 126 126 127
0.662 -0.303 -0.792 37.98 -16.36 1.0757866888932954 -24.593755840560586 -2 126 126 127
0.662 -0.303 -0.792 37.98 -16.36 1.0757866888932954 -24.593755840560586 -2 126 126 127
0.663 -0.303 -0.794 37.96 -16.33 1.0778747608140755 -24.561044085086966 -2 126 126 127
0.665 -0.304 -0.791 38.12 -16.39 1.077182435801847 -24.567171320601314 -2 126 126 127
0.664 -0.305 -0.792 38.04 -16.44 1.0775829434433342 -24.6710860272605 -2 126 126 127
0.664 -0.305 -0.792 38.04 -16.44 1.0775829434433342 -24.6710860272605 -2 126 126 127
0.664 -0.306 -0.789 38.12 -16.53 1.0756639809903463 -24.742300041564846 -2 126 126 127
0.664 -0.305 -0.79 38.1 -16.46 1.0761138415613842 -24.6710860272605 -2 126 126 127
0.663 -0.307 -0.791 38 -16.57 1.0768003528974162 -24.846342628887495 -2 126 126 127
0.664 -0.306 -0.789 38.12 -16.53 1.0756639809903463 -24.742300041564846 -2 126 126 127
0.666 -0.306 -0.792 38.11 -16.47 1.0790996246871742 -24.67686317033706 -2 126 126 127
0.665 -0.307 -0.792 38.06 -16.53 1.0787668886279371 -24.780604074061195 -2 126 126 127
0.666 -0.308 -0.793 38.06 -16.56 1.0804022399088222 -24.81876955679235 -2 126 126 127
0.665 -0.308 -0.797 37.89 -16.53 1.0827271124341535 -24.851585859712173 -2 126 126 127
0.665 -0.308 -0.797 37.89 -16.53 1.0827271124341535 -24.851585859712173 -2 126 126 127
0.666 -0.306 -0.795 38.02 -16.44 1.081303380185228 -24.67686317033706 -2 126 126 127
0.665 -0.305 -0.792 38.08 -16.43 1.0781994249673852 -24.638396724613845 -2 126 126 127
0.665 -0.305 -0.788 38.2 -16.48 1.0752646185939534 -24.638396724613845 -2 126 126 127
0.665 -0.304 -0.79 38.15 -16.4 1.0764483266743463 -24.567171320601314 -2 126 126 127
0.665 -0.307 -0.79 38.12 -16.56 1.077299401280814 -24.780604074061195 -2 126 126 127
0.664 -0.308 -0.791 38.03 -16.61 1.0777017212568607 -24.88448352676429 -2 126 126 127
0.664 -0.309 -0.794 37.93 -16.62 1.0801911867813032 -24.95545284062028 -2 126 126 127
0.664 -0.31 -0.791 38.01 -16.71 1.0782750113027753 -25.026340432592004 -2 126 126 127
0.664 -0.312 -0.789 38.05 -16.83 1.0773861888849328 -25.167870149781614 -2 126 126 127
0.664 -0.311 -0.793 37.94 -16.74 1.0800305551233262 -25.09714622711079 -2 126 126 127
0.665 -0.306 -0.79 38.13 -16.51 1.077014855979248 -24.709541002594946 -2 126 126 127
0.667 -0.302 -0.786 38.38 -16.33 1.0741922546732499 -24.359763009468335 -2 126 126 127
0.668 -0.303 -0.785 38.45 -16.38 1.0743639979075994 -24.39870256635834 -2 126 126 127
0.667 -0.307 -0.782 38.45 -16.63 1.0726891441606 -24.71519066446162 -2 126 126 127
0.666 -0.314 -0.783 38.29 -16.99 1.0748213805093383 -25.24254027807132 -2 126 126 127
0.665 -0.319 -0.788 38.03 -17.19 1.0793192298852088 -25.62699913130873 -2 126 126 127
0.664 -0.32 -0.788 37.98 -17.25 1.0789995366078708 -25.7307056015312 -2 126 126 127
0.663 -0.314 -0.788 38.01 -16.96 1.0766192456017123 -25.342460985100892 -2 126 126 127
0.664 -0.31 -0.788 38.1 -16.74 1.076076205479891 -25.026340432592004 -2 126 126 127
0.664 -0.309 -0.787 38.14 -16.7 1.075056277596666 -24.95545284062028 -2 126 126 127
0.666 -0.309 -0.787 38.23 -16.68 1.076292711115336 -24.88960116331036 -2 126 126 127
0.666 -0.313 -0.786 38.21 -16.9 1.0767176974490575 -25.172115224939663 -2 126 126 127
0.665 -0.315 -0.785 38.17 -17.02 1.0759530658908874 -25.34617594194669 -2 126 126 127
0.663 -0.315 -0.785 38.09 -17.04 1.0747181025738797 -25.413006136576566 -2 126 126 127
0.662 -0.313 -0.786 38.04 -16.94 1.0742481091442517 -25.305237100284575 -2 126 126 127
0.663 -0.311 -0.787 38.08 -16.82 1.0750158138371735 -25.130331599826867 -2 126 126 127
0.663 -0.31 -0.787 38.09 -16.76 1.0747269420648204 -25.05945740057282 -2 126 126 127
0.665 -0.312 -0.788 38.12 -16.84 1.0772710893735151 -25.134698599355588 -2 126 126 127
0.664 -0.315 -0.789 38.01 -16.99 1.0782587815547806 -25.379549960281942 -2 126 126 127
0.663 -0.317 -0.787 38.01 -17.12 1.076766919997081 -25.553849055331977 -2 126 126 127
0.663 -0.318 -0.788 37.96 -17.16 1.077792651672853 -25.624146687080184 -2 126 126 127
0.663 -0.318 -0.786 38.02 -17.18 1.076331268708663 -25.624146687080184 -2 126 126 127
0.664 -0.314 -0.785 38.14 -16.98 1.0750427898460602 -25.309072087845028 -2 126 126 127
0.665 -0.313 -0.787 38.14 -16.9 1.076830070159633 -25.205272807573188 -2 126 126 127
0.665 -0.314 -0.786 38.16 -16.96 1.0763907283138405 -25.275765278811 -2 126 126 127
0.665 -0.316 -0.787 38.1 -17.05 1.0777058968011635 -25.416504727011272 -2 126 126 127
0.665 -0.317 -0.786 38.12 -17.11 1.077269696965435 -25.48675156518531 -2 126 126 127
0.665 -0.317 -0.788 38.06 -17.09 1.078729808617524 -25.48675156518531 -2 126 126 127
0.664 -0.317 -0.787 38.05 -17.11 1.07738294027704 -25.520259163271497 -2 126 126 127
0.663 -0.316 -0.791 37.9 -17.02 1.079400759681037 -25.483468849434836 -2 126 126 127
0.662 -0.315 -0.791 37.87 -16.98 1.0784943208009954 -25.446544751681895 -2 126 126 127
0.662 -0.317 -0.79 37.87 -17.1 1.0783473466374367 -25.5875215217334 -2 126 126 127
0.661 -0.317 -0.789 37.86 -17.12 1.0770009285047066 -25.62127684399438 -2 126 126 127
0.661 -0.318 -0.789 37.85 -17.17 1.0772956882861826 -25.69170754801779 -2 126 126 127
0.661 -0.319 -0.786 37.93 -17.26 1.0753966710009848 -25.76205504817556 -2 126 126 127
0.662 -0.319 -0.788 37.91 -17.22 1.0774734335472036 -25.72816687027508 -2 126 126 127
0.662 -0.317 -0.787 37.96 -17.13 1.0761514763266369 -25.5875215217334 -2 126 126 127
0.663 -0.318 -0.785 38.05 -17.2 1.0756012272213156 -25.624146687080184 -2 126 126 127
0.664 -0.318 -0.786 38.07 -17.17 1.0769475381837315 -25.590490357807912 -2 126 126 127
0.662 -0.319 -0.783 38.06 -17.28 1.073822145422602 -25.72816687027508 -2 126 126 127
0.662 -0.32 -0.783 38.05 -17.33 1.0741196395188015 -25.79836509774408 -2 126 126 127
0.662 -0.32 -0.786 37.96 -17.3 1.0763085059591417 -25.79836509774408 -2 126 126 127
0.663 -0.321 -0.783 38.08 -17.37 1.0750344180536733 -25.83454348280912 -2 126 126 127
0.664 -0.319 -0.786 38.05 -17.23 1.0772432408699533 -25.660639192275404 -2 126 126 127
0.664 -0.318 -0.787 38.03 -17.16 1.077677595572999 -25.590490357807912 -2 126 126 127
0.665 -0.319 -0.787 38.06 -17.2 1.0785893565208216 -25.62699913130873 -2 126 126 127
0.664 -0.318 -0.786 38.07 -17.17 1.0769475381837315 -25.590490357807912 -2 126 126 127
0.663 -0.318 -0.787 37.99 -17.17 1.0770617438197312 -25.624146687080184 -2 126 126 127
0.662 -0.32 -0.783 38.05 -17.33 1.0741196395188015 -25.79836509774408 -2 126 126 127
0.662 -0.321 -0.78 38.13 -17.42 1.0722336499103169 -25.868480275655813 -2 126 126 127
0.662 -0.321 -0.78 38.13 -17.42 1.0722336499103169 -25.868480275655813 -2 126 126 127
0.66 -0.324 -0.783 37.91 -17.56 1.0740879852228122 -26.146841235580894 -2 126 126 127
0.66 -0.325 -0.78 37.99 -17.64 1.0722056705688514 -26.21675285641924 -2 126 126 127
0.66 -0.325 -0.785 37.84 -17.58 1.075848502345939 -26.21675285641924 -2 126 126 127
0.664 -0.325 -0.783 38.07 -17.57 1.0768518932518065 -26.079799069154014 -2 126 126 127
0.665 -0.325 -0.781 38.17 -17.58 1.076016263817606 -26.045768300488827 -2 126 126 127
0.666 -0.325 -0.784 38.12 -17.53 1.078812773376363 -26.01182004718187 -2 126 126 127
0.665 -0.325 -0.781 38.17 -17.58 1.076016263817606 -26.045768300488827 -2 126 126 127
0.666 -0.326 -0.781 38.2 -17.62 1.0769368598019107 -26.081262365320942 -2 126 126 127
0.663 -0.326 -0.78 38.11 -17.66 1.074357947799522 -26.18354738749205 -2 126 126 127
0.664 -0.324 -0.781 38.14 -17.54 1.0750967398332116 -26.01014572336785 -2 126 126 127
0.664 -0.324 -0.782 38.11 -17.53 1.0758234055829052 -26.01014572336785 -2 126 126 127
0.665 -0.324 -0.783 38.12 -17.5 1.0771675821338107 -25.97617937826425 -2 126 126 127
0.664 -0.324 -0.784 38.05 -17.5 1.0772780513869205 -26.01014572336785 -2 126 126 127
0.664 -0.324 -0.781 38.14 -17.54 1.0750967398332116 -26.01014572336785 -2 126 126 127
0.662 -0.324 -0.781 38.06 -17.56 1.073862654160205 -26.078326894401584 -2 126 126 127
0.662 -0.325 -0.78 38.08 -17.62 1.0734379348616296 -26.1481092621274 -2 126 126 127
0.663 -0.322 -0.779 38.19 -17.47 1.0724243563067746 -25.90451016906389 -2 126 126 127
0.661 -0.322 -0.781 38.04 -17.47 1.0726443958740475 -25.972597687562388 -2 126 126 127
0.663 -0.322 -0.781 38.13 -17.45 1.0738780191437014 -25.90451016906389 -2 126 126 127
0.662 -0.321 -0.781 38.1 -17.41 1.0729613226952779 -25.868480275655813 -2 126 126 127
0.659 -0.321 -0.782 37.94 -17.43 1.0718423391525453 -25.970790454290594 -2 126 126 127
0.661 -0.322 -0.781 38.04 -17.47 1.0726443958740475 -25.972597687562388 -2 126 126 127
0.663 -0.323 -0.781 38.11 -17.5 1.0741782906017046 -25.974393962431318 -2 126 126 127
0.662 -0.324 -0.782 38.03 -17.55 1.0745901544309813 -26.078326894401584 -2 126 126 127
0.663 -0.326 -0.781 38.08 -17.65 1.0750841827503557 -26.18354738749205 -2 126 126 127
0.662 -0.326 -0.781 38.03 -17.66 1.0744677752264142 -26.217808279992227 -2 126 126 127
0.662 -0.326 -0.783 37.97 -17.64 1.0759223949709384 -26.217808279992227 -2 126 126 127
0.663 -0.325 -0.78 38.12 -17.61 1.0740549334182121 -26.11391263029071 -2 126 126 127
0.663 -0.326 -0.78 38.11 -17.66 1.074357947799522 -26.18354738749205 -2 126 126 127
0.663 -0.326 -0.78 38.11 -17.66 1.074357947799522 -26.18354738749205 -2 126 126 127
0.663 -0.325 -0.781 38.09 -17.6 1.0747813731173426 -26.11391263029071 -2 126 126 127
0.662 -0.324 -0.783 38 -17.54 1.0753180924731063 -26.078326894401584 -2 126 126 127
0.661 -0.325 -0.784 37.91 -17.58 1.0757332383077136 -26.18238924401252 -2 126 126 127
0.661 -0.325 -0.785 37.88 -17.57 1.0764622612985557 -26.18238924401252 -2 126 126 127
0.651 -0.325 -0.788 37.37 -17.64 1.0725530289920402 -26.529835582549254 -2 126 126 127
0.653 -0.325 -0.786 37.52 -17.64 1.0723012636381626 -26.459663596027426 -2 126 126 127
0.652 -0.325 -0.784 37.53 -17.68 1.0702266115173928 -26.494706486194506 -2 126 126 127
0.654 -0.325 -0.784 37.62 -17.66 1.0714462189022835 -26.424706621235014 -2 126 126 127
0.654 -0.326 -0.783 37.64 -17.72 1.0710186739735215 -26.494921739011268 -2 126 126 127
0.661 -0.329 -0.782 37.92 -17.81 1.075493375153934 -26.46094024469673 -2 126 126 127
0.662 -0.33 -0.779 38.04 -17.89 1.0742369384823816 -26.495769736221533 -2 126 126 127
0.662 -0.329 -0.777 38.12 -17.86 1.0724803028494279 -26.426404673317524 -2 126 126 127
0.663 -0.33 -0.778 38.12 -17.89 1.0741289494283264 -26.46125458861053 -2 126 126 127
0.664 -0.331 -0.775 38.24 -17.97 1.0728848959697401 -26.495978540843684 -2 126 126 127
0.664 -0.331 -0.775 38.24 -17.97 1.0728848959697401 -26.495978540843684 -2 126 126 127
0.663 -0.332 -0.778 38.09 -17.99 1.0747450860552934 -26.599608337853336 -2 126 126 127
0.661 -0.332 -0.78 37.95 -17.99 1.0749627900536838 -26.668973275050842 -2 126 126 127
0.66 -0.332 -0.781 37.87 -17.99 1.0750744160289556 -26.703781606965595 -2 126 126 127
