-0.004 0.979 -0.157 -0.23 80.89 0.9915170195210973 90.23409789862565 -1 127 127 127
-0.014 0.981 -0.161 -0.81 80.65 0.9942223091441873 90.8176212677059 -1 127 127 127
-0.017 0.983 -0.165 -0.98 80.42 0.9968966847171276 90.99077432782592 -1 127 127 127
-0.005 1.006 -0.17 -0.28 80.4 1.020274962938913 90.28476793108184 -1 127 127 127
0.008 1.018 -0.176 0.44 80.18 1.0331330988793264 89.54974773996243 1 127 127 127
0.022 1.027 -0.18 1.21 79.99 1.0428868586764337 88.77281948119716 1 127 127 127
0.035 1.033 -0.186 1.91 79.62 1.0501952199472249 88.05945262246728 1 127 127 127
0.041 1.035 -0.189 2.23 79.42 1.052913576700386 87.73149822124074 1 127 127 127
0.045 1.028 -0.192 2.46 79.14 1.0467439992662964 87.49351641630479 1 127 127 127
0.043 1.024 -0.195 2.36 78.97 1.0432880714356894 87.59543757650135 1 126 126 127
0.04 1.019 -0.195 2.21 78.95 1.0382610461728783 87.7520558248719 1 126 126 127
0.031 1.011 -0.19 1.73 79.22 1.0291656815109993 88.24370640332883 1 126 126 127
0.027 1.009 -0.188 1.51 79.34 1.0267200202586875 88.46717843007576 1 126 126 127
0.024 1.004 -0.185 1.35 79.47 1.0211841166018985 88.63064055909283 1 126 126 127
0.023 1.002 -0.181 1.29 79.68 1.0184763129302516 88.68505832727796 1 126 126 127
0.019 1.003 -0.177 1.07 79.94 1.0186751199474735 88.91476607777912 1 126 126 127
0.019 1.004 -0.174 1.07 80.11 1.0191432676518057 88.91584672994135 1 126 126 127
0.02 0.999 -0.173 1.13 80.11 1.0140660727980204 88.85309055827265 1 126 126 127
0.024 0.998 -0.171 1.36 80.18 1.0128282184062605 88.62241110015023 1 126 126 127
0.026 0.998 -0.169 1.47 80.28 1.012541850986911 88.50766194298708 1 126 126 127
0.03 0.995 -0.161 1.7 80.65 1.0083878222192095 88.27301224951236 1 126 126 127
0.033 0.994 -0.151 1.88 81.16 1.0059453265461298 88.0985246217948 1 126 126 127
0.034 0.996 -0.143 1.94 81.61 1.006787465158362 88.04487917717711 1 127 126 127
0.038 0.997 -0.147 2.16 81.34 1.008494918182536 87.81726555144523 1 127 127 127
0.05 1.006 -0.158 2.81 80.65 1.0195587280779856 87.15463863442065 1 127 127 127
0.011 1.042 -0.236 0.59 77.23 1.0684479397705815 89.39517258741473 1 127 127 127
-0.017 1.054 -0.312 -0.89 73.49 1.0993402566994444 90.92404535277272 -1 127 127 127
-0.086 1.098 -0.404 -4.2 69.38 1.1731223295121445 94.47850443921027 -1 128 127 127
-0.166 1.151 -0.495 -7.55 65.6 1.2638757850358555 98.2067475199962 -1 129 127 128
-0.207 1.163 -0.584 -9.04 61.95 1.3177533911927528 100.09227129542556 -1 130 128 129
-0.239 1.153 -0.677 -10.13 58.09 1.3582558669116802 101.71072919090086 -1 131 128 131
-0.211 1.13 -0.757 -8.82 55.18 1.3763974716628913 100.57678984765488 -1 133 129 134
0.138 0.932 -0.886 6.13 46.11 1.2933151201466717 81.5774870198475 1 133 131 135
0.344 0.804 -0.937 15.57 38.85 1.2816867792093356 66.83582136180156 1 132 130 132
0.518 0.678 -0.955 23.86 31.97 1.2806377317571118 52.61974557049602 1 130 129 129
0.635 0.563 -0.922 30.45 26.7 1.2531073377807664 41.56065111542663 2 127 127 125
0.652 0.469 -0.829 34.39 23.97 1.1542556042748935 35.728414231515444 2 123 124 122
0.457 0.53 -0.428 33.86 40.25 0.8203249356200262 49.22997989561338 -3 117 119 121
0.321 0.671 -0.13 25.16 62.7 0.7551039663516542 64.43399224440687 -3 116 119 120
0.201 0.811 0.14 13.72 73.19 0.847184749626668 76.08017740424215 3 115 119 120
0.106 0.9 0.377 6.2 66.48 0.9815115893355514 83.28277590766396 1 116 120 121
0.017 0.936 0.58 0.88 58.2 1.101265181507161 88.95948592820982 1 117 120 122
-0.026 0.893 0.71 -1.31 51.49 1.1411507350039258 91.66771505369529 -1 118 121 123
-0.129 0.927 0.877 -5.77 46.28 1.282614127475602 97.92232165300067 -1 118 121 124
-0.235 0.992 1.049 -9.24 42.7 1.4627679241766276 103.32740965125377 -1 120 122 125
