0.386 0.939 -0.154 22.08 66.13 1.0268558808323591 67.65363154336201 -3 126 126 127
0.389 0.938 -0.156 22.25 65.92 1.0273757832458383 67.47562069564795 -3 126 126 127
0.394 0.94 -0.156 22.46 65.73 1.0311023227594824 67.25905735850138 -3 126 126 126
0.398 0.941 -0.163 22.62 65.44 1.0346274691887896 67.07385876841214 -3 126 126 126
0.401 0.944 -0.163 22.71 65.37 1.038511434698723 66.98479056390133 -3 126 126 126
0.402 0.942 -0.167 22.79 65.2 1.0377172061790245 66.8895567699047 -3 126 126 126
0.402 0.941 -0.173 22.79 65.06 1.0377928502355371 66.86757935499836 -3 126 126 126
0.402 0.94 -0.171 22.82 65.07 1.0365543883463135 66.84556240300077 -3 126 126 126
0.4 0.943 -0.174 22.64 65.18 1.039001924926032 67.01440396806323 -3 126 126 126
0.398 0.948 -0.169 22.46 65.48 1.0419544135901533 67.22581490571329 -3 126 126 126
0.393 0.948 -0.167 22.21 65.75 1.03973169616012 67.483208076839 -3 126 126 126
0.378 0.947 -0.161 21.48 66.55 1.0322858131351027 68.24032846256694 -3 126 126 126
0.374 0.945 -0.158 21.32 66.75 1.0285256438222627 68.40796571728002 -3 126 126 126
0.37 0.948 -0.155 21.07 67.06 1.0293828248032895 68.67952919191922 -3 126 126 126
0.369 0.949 -0.153 21 67.17 1.0296460556909834 68.7524080844998 -3 126 126 126
0.368 0.948 -0.151 20.97 67.24 1.028070522872823 68.78450209310091 -3 126 126 126
0.368 0.953 -0.155 20.86 67.27 1.0332753747186663 68.88598190003074 -3 126 126 126
0.368 0.954 -0.155 20.84 67.29 1.0341977567177372 68.90616678283457 -3 126 126 126
0.373 0.954 -0.155 21.1 67.05 1.0359874516614571 68.64523094407856 -3 126 126 127
0.376 0.954 -0.156 21.25 66.89 1.0372212878648412 68.48911352654436 -3 126 126 127
0.381 0.949 -0.156 21.61 66.55 1.0344554122822307 68.12576134339469 -3 126 126 127
0.386 0.947 -0.154 21.92 66.31 1.0341764839716672 67.82404562870138 -3 126 126 127
0.387 0.942 -0.158 22.06 66.07 1.030580904150664 67.66576766175194 -3 126 126 127
0.391 0.941 -0.16 22.28 65.82 1.0314853367838053 67.43636249172411 -3 126 126 127
0.392 0.938 -0.162 22.38 65.67 1.029442567606372 67.31944039297508 -3 126 126 127
0.394 0.937 -0.165 22.5 65.49 1.0297718193852463 67.19368811516942 -3 126 126 127
0.393 0.936 -0.167 22.46 65.48 1.0288022161717967 67.22383870080667 -3 126 126 126
0.392 0.936 -0.171 22.39 65.44 1.0290777424470905 67.27589784825896 -3 126 126 126
0.391 0.94 -0.174 22.25 65.52 1.032839290499737 67.41476793297811 -3 126 127 126
0.373 0.944 -0.176 21.23 66.4 1.0301655206810214 68.43968000345482 -3 126 127 126
0.366 0.95 -0.172 20.76 66.94 1.0324921307206172 68.93016413766189 -3 126 127 126
0.359 0.959 -0.163 20.26 67.65 1.0368852395516102 69.47669896448065 -3 126 127 125
0.356 0.963 -0.16 20.04 67.94 1.039088542906715 69.71175116139871 -3 126 127 124
0.352 0.972 -0.152 19.69 68.47 1.0448885107991188 70.09265644817467 -3 126 127 124
0.353 0.98 -0.147 19.61 68.68 1.0519591246811826 70.19077285259836 -3 126 127 124
0.343 0.976 -0.148 19.16 69.06 1.0450497595808537 70.63676911980636 -3 126 127 126
0.335 0.971 -0.147 18.84 69.36 1.037629509988994 70.9653019920368 -3 126 127 127
0.332 0.961 -0.15 18.85 69.24 1.0277378070305674 70.94132705048375 -3 126 127 127
0.328 0.953 -0.15 18.78 69.27 1.0189666334085723 71.00775178869871 -3 126 127 127
0.331 0.949 -0.154 19 68.96 1.0167979150253998 70.77183115398464 -3 126 127 127
0.332 0.953 -0.151 18.99 69.06 1.0204087416324892 70.79301438316136 -3 126 127 126
0.33 0.967 -0.153 18.63 69.39 1.0331495535497268 71.15719581644507 -3 126 127 126
0.322 0.986 -0.162 17.86 69.92 1.0498209371126106 71.91441135658079 -3 126 127 126
0.319 0.995 -0.162 17.56 70.22 1.05736937727551 72.22399295338735 -3 126 127 126
0.318 1 -0.171 17.4 70.15 1.063186248970518 72.35933599289783 -3 126 127 126
0.315 0.999 -0.178 17.25 70.09 1.0625017647044168 72.49913873104715 -3 126 127 126
0.308 1 -0.174 16.88 70.52 1.0607261663596312 72.88116766444836 -3 126 127 126
0.297 1.009 -0.177 16.17 71.09 1.0665922369865626 73.59816311512641 -3 126 127 126
0.274 1.018 -0.178 14.85 72.21 1.0691510650979121 74.93554874457446 -3 125 126 126
0.18 1.018 -0.151 9.92 77 1.0447607381596995 79.97275679700508 -3 125 126 127
0.098 1.023 -0.128 5.43 81.04 1.0356239665052174 84.5279529782691 1 124 126 128
0.015 1.002 -0.12 0.85 83.12 1.0092715194634196 89.14234281373753 1 124 125 127
-0.091 0.961 -0.125 -5.36 80.86 0.9733586183930361 95.40938111447362 -1 123 125 127
-0.188 0.916 -0.115 -11.51 76.47 0.9421385248465324 101.59833161307313 -3 123 124 126
-0.264 0.879 -0.097 -16.62 72.26 0.9229008614147025 106.7171827993164 -3 123 124 126
-0.294 0.878 -0.081 -18.44 70.85 0.9294519890774349 108.51322169706097 -3 123 124 127
-0.283 0.92 -0.048 -17.08 72.67 0.9637390725709942 107.09835257282555 -3 124 125 128
-0.059 1.023 0.016 -3.3 86.58 1.0248248630863714 93.300792176983 3 127 127 129
0.109 1.023 0.015 6.08 83.86 1.028899897949261 83.91811723175152 3 128 128 128
0.303 0.99 0.002 17.02 72.98 1.0353323138007429 72.98271418375592 3 128 128 126
0.462 0.938 -0.021 26.22 63.75 1.0458149931990839 63.778033222445536 -3 128 128 124
0.625 0.884 -0.064 35.19 54.6 1.084516943159488 54.73917070071545 -3 125 125 124
0.687 0.922 -0.078 36.59 53.13 1.1524482634808384 53.3094936676403 -3 125 123 125
0.613 0.916 -0.092 33.66 55.91 1.1060239599574686 56.20900896073602 -3 124 120 124
0.615 0.927 -0.092 33.43 56.15 1.116251763716412 56.43849421677938 -3 123 118 125
0.645 0.919 -0.083 34.95 54.72 1.1258219219752297 54.936908823538374 -3 123 118 125
0.729 0.918 -0.112 38.25 51.22 1.1775860902711104 51.54629078329404 -3 124 119 126
0.706 0.926 -0.142 37 52.13 1.1730626581730408 52.67741410003615 -3 124 120 127
0.797 1.008 -0.141 38.06 51.24 1.2927312172296297 51.66747326615348 -3 127 124 127
