-0.185 0.934 -0.174 -11.02 74.79 0.9679137358256675 101.20372002810025 -3 123 126 127
-0.143 0.935 -0.173 -8.55 76.5 0.9615627904614445 98.69550287742477 -1 123 128 127
-0.11 0.937 -0.156 -6.61 78.49 0.9562452614261678 96.69564502415639 -1 123 129 126
-0.094 0.945 -0.134 -5.62 80.17 0.9590709045737963 95.68057649129717 -1 123 129 126
-0.035 0.952 -0.14 -2.08 81.38 0.962875381344855 92.10551418885605 -1 124 128 126
-0.09 0.962 -0.116 -5.31 81.32 0.973139250056229 95.34475482089343 -1 123 126 126
-0.119 0.95 -0.098 -7.1 80.78 0.96242662057946 97.13986173774256 -3 123 126 126
-0.1 0.976 -0.112 -5.81 81.25 0.9874816453990424 95.8500552057174 -1 124 126 126
-0.098 1.023 -0.104 -5.44 82.05 1.032932233982462 95.47204702173092 -1 124 125 127
-0.108 1.035 -0.082 -5.94 82.54 1.0438452950509476 95.95713111470822 -3 124 125 128
-0.079 1.044 -0.079 -4.32 83.89 1.04996095165487 94.32735323806638 0 126 126 130
-0.077 1.039 -0.074 -4.23 84.13 1.0444740303138225 94.23842606007523 -3 126 127 131
-0.02 1.009 -0.036 -1.13 87.66 1.0098400863503092 91.13554563963832 -1 126 129 132
0.03 0.999 0.005 1.72 88.26 0.999462855738021 88.27992295305515 3 126 130 132
0.073 1.008 0.011 4.14 85.81 1.0106997575937178 85.85783470731931 3 127 130 131
0.036 1.058 0.174 1.92 80.47 1.0728168529623312 88.05117904522987 1 129 129 131
0.094 1.099 0.129 4.86 81.74 1.1105305038584037 85.11125855279928 1 128 129 131
0.077 1.123 0.072 3.91 84.64 1.1279370549813497 86.07757728963485 3 129 128 130
0.093 1.115 0.008 4.77 85.21 1.118900353025237 85.23210567219168 3 128 127 128
0.159 1.071 -0.171 8.34 77.7 1.0961582914889618 81.55558225928011 1 125 128 128
0.138 1.031 -0.142 7.55 79.13 1.0498423691202408 82.37623737617444 1 125 127 126
0.147 1.025 -0.152 8.07 78.34 1.0465839670088588 81.83859703190616 1 124 125 125
0.127 1.026 -0.135 7 79.76 1.0426073086258316 82.94372480529393 1 124 124 124
0.113 1.019 -0.139 6.27 80.03 1.0346260193905814 83.67215116202348 1 124 123 123
0.097 1.013 -0.118 5.43 81.42 1.0244520486582083 84.53030878888165 1 124 123 122
0.046 1.009 -0.084 2.6 84.58 1.013534903197714 87.38971044012305 1 125 123 122
0.014 1.004 -0.07 0.8 85.93 1.0065346491800469 89.20110664396596 1 125 124 122
-0.006 1.001 -0.059 -0.34 86.61 1.0027552044242902 90.34342713297639 -1 125 125 122
-0.025 0.999 -0.057 -1.43 86.43 1.00093706095838 91.43352911600162 -1 126 125 122
-0.048 0.994 -0.048 -2.76 86.09 0.996315211165623 92.76465057871937 0 126 126 123
-0.065 1 -0.042 -3.72 85.57 1.0029900298607162 93.71899397315805 -3 126 126 123
-0.081 1.005 -0.041 -4.6 84.84 1.009092166256383 94.60790854949204 -3 126 126 124
-0.116 1.012 -0.044 -6.53 83.01 1.019576382621724 96.5389620829614 -3 126 127 125
-0.125 1.01 -0.042 -7.05 82.56 1.0185720396712252 97.05518606109669 -3 126 127 125
-0.135 1.002 -0.043 -7.67 81.95 1.0119673907789717 97.673284585206 -3 126 127 125
-0.142 0.996 -0.045 -8.11 81.49 1.007077454816659 98.11399446042431 -3 126 127 125
-0.15 0.989 -0.045 -8.62 81 1.0013221259914313 98.62422873633783 -3 126 127 125
-0.15 0.984 -0.045 -8.66 80.96 0.9963839621350797 98.6673871799555 -3 126 126 125
-0.161 0.983 -0.047 -9.29 80.32 0.9972055956521704 99.30156536765256 -3 126 126 125
-0.186 0.985 -0.059 -10.67 78.79 1.0041424201775364 100.69339045850192 -3 126 126 125
-0.202 0.992 -0.059 -11.49 78.02 1.014075440980601 101.50972322396255 -3 126 125 125
-0.23 1 -0.046 -12.94 76.8 1.0271397178573127 102.95276451337553 -3 126 125 124
-0.246 1 -0.045 -13.81 75.96 1.0307962941338118 103.82033952701046 -3 126 125 123
-0.281 1.005 -0.02 -15.62 74.34 1.043736556799655 105.62109786097702 -3 125 124 123
-0.323 0.999 0 -17.92 72.08 1.0499190444981936 107.91722996611881 -3 125 124 122
-0.381 0.99 0.002 -21.05 68.95 1.0607850866221677 111.04914468607679 3 125 124 122
-0.473 0.982 0.006 -25.72 64.28 1.0899949541167608 115.7187245273847 3 125 123 123
-0.576 0.975 -0.007 -30.57 59.42 1.1324530895361626 120.57328702391887 -3 125 123 123
-0.692 0.97 -0.057 -35.46 54.4 1.1929010855892455 125.50413880291943 -3 125 123 123
-0.799 0.956 -0.118 -39.68 49.81 1.2515034958001516 129.88800253402286 -3 126 122 123
-0.865 0.927 -0.156 -42.62 46.52 1.2774545001682056 133.01845874953406 -3 126 122 123
-0.89 0.831 -0.17 -46.38 42.52 1.2294555705677208 136.963467516576 -3 127 121 124
-0.839 0.748 -0.107 -47.99 41.49 1.129103183947331 138.2817975857611 -3 127 121 125
-0.74 0.715 -0.07 -45.85 43.89 1.0313704475114651 135.98436670305472 -3 128 119 126
-0.621 0.717 -0.056 -40.81 48.99 0.9501926120529458 130.89612452736304 -3 128 118 128
-0.315 0.758 -0.091 -22.42 66.61 0.8258752932495317 112.56617198323784 -3 129 117 131
-0.177 0.784 -0.133 -12.55 74.23 0.8146618930574818 102.72211257460988 -3 129 117 133
-0.065 0.762 -0.121 -4.82 79.78 0.7742803109985427 94.87563242998645 -1 129 117 134
0.018 0.717 -0.081 1.43 83.4 0.7217852866330818 88.56191429259634 1 129 117 135
0.102 0.69 -0.004 8.41 81.58 0.6975098565611815 81.59108826739929 -3 128 117 135
0.212 0.771 0.182 14.98 70.08 0.8200664607213247 74.62547598436734 3 127 117 135
0.26 0.853 0.251 16.3 67.04 0.9263962435156999 73.048434415431 3 128 117 135
0.365 0.95 0.247 20.4 65.11 1.0472506863210929 68.98269912524373 3 129 118 135
-0.185 0.934 -0.174 -11.02 74.79 0.9679137358256675 101.20372002810025 -3 123 126 127
-0.143 0.935 -0.173 -8.55 76.5 0.9615627904614445 98.69550287742477 -1 123 128 127
-0.11 0.937 -0.156 -6.61 78.49 0.9562452614261678 96.69564502415639 -1 123 129 126
-0.094 0.945 -0.134 -5.62 80.17 0.9590709045737963 95.68057649129717 -1 123 129 126
-0.035 0.952 -0.14 -2.08 81.38 0.962875381344855 92.10551418885605 -1 124 128 126
-0.09 0.962 -0.116 -5.31 81.32 0.973139250056229 95.34475482089343 -1 123 126 126
-0.119 0.95 -0.098 -7.1 80.78 0.96242662057946 97.13986173774256 -3 123 126 126
-0.1 0.976 -0.112 -5.81 81.25 0.9874816453990424 95.8500552057174 -1 124 126 126
-0.098 1.023 -0.104 -5.44 82.05 1.032932233982462 95.47204702173092 -1 124 125 127
-0.108 1.035 -0.082 -5.94 82.54 1.0438452950509476 95.95713111470822 -3 124 125 128
-0.079 1.044 -0.079 -4.32 83.89 1.04996095165487 94.32735323806638 0 126 126 130
-0.077 1.039 -0.074 -4.23 84.13 1.0444740303138225 94.23842606007523 -3 126 127 131
-0.02 1.009 -0.036 -1.13 87.66 1.0098400863503092 91.13554563963832 -1 126 129 132
0.03 0.999 0.005 1.72 88.26 0.999462855738021 88.27992295305515 3 126 130 132
0.073 1.008 0.011 4.14 85.81 1.0106997575937178 85.85783470731931 3 127 130 131
0.036 1.058 0.174 1.92 80.47 1.0728168529623312 88.05117904522987 1 129 129 131
0.094 1.099 0.129 4.86 81.74 1.1105305038584037 85.11125855279928 1 128 129 131
0.077 1.123 0.072 3.91 84.64 1.1279370549813497 86.07757728963485 3 129 128 130
0.093 1.115 0.008 4.77 85.21 1.118900353025237 85.23210567219168 3 128 127 128
0.159 1.071 -0.171 8.34 77.7 1.0961582914889618 81.55558225928011 1 125 128 128
0.138 1.031 -0.142 7.55 79.13 1.0498423691202408 82.37623737617444 1 125 127 126
0.147 1.025 -0.152 8.07 78.34 1.0465839670088588 81.83859703190616 1 124 125 125
0.127 1.026 -0.135 7 79.76 1.0426073086258316 82.94372480529393 1 124 124 124
0.113 1.019 -0.139 6.27 80.03 1.0346260193905814 83.67215116202348 1 124 123 123
0.097 1.013 -0.118 5.43 81.42 1.0244520486582083 84.53030878888165 1 124 123 122
0.046 1.009 -0.084 2.6 84.58 1.013534903197714 87.38971044012305 1 125 123 122
0.014 1.004 -0.07 0.8 85.93 1.0065346491800469 89.20110664396596 1 125 124 122
-0.006 1.001 -0.059 -0.34 86.61 1.0027552044242902 90.34342713297639 -1 125 125 122
-0.025 0.999 -0.057 -1.43 86.43 1.00093706095838 91.43352911600162 -1 126 125 122
-0.048 0.994 -0.048 -2.76 86.09 0.996315211165623 92.76465057871937 0 126 126 123
-0.065 1 -0.042 -3.72 85.57 1.0029900298607162 93.71899397315805 -3 126 126 123
-0.081 1.005 -0.041 -4.6 84.84 1.009092166256383 94.60790854949204 -3 126 126 124
-0.116 1.012 -0.044 -6.53 83.01 1.019576382621724 96.5389620829614 -3 126 127 125
-0.125 1.01 -0.042 -7.05 82.56 1.0185720396712252 97.05518606109669 -3 126 127 125
-0.135 1.002 -0.043 -7.67 81.95 1.0119673907789717 97.673284585206 -3 126 127 125
-0.142 0.996 -0.045 -8.11 81.49 1.007077454816659 98.11399446042431 -3 126 127 125
-0.15 0.989 -0.045 -8.62 81 1.0013221259914313 98.62422873633783 -3 126 127 125
-0.15 0.984 -0.045 -8.66 80.96 0.9963839621350797 98.6673871799555 -3 126 126 125
-0.161 0.983 -0.047 -9.29 80.32 0.9972055956521704 99.30156536765256 -3 126 126 125
-0.186 0.985 -0.059 -10.67 78.79 1.0041424201775364 100.69339045850192 -3 126 126 125
-0.202 0.992 -0.059 -11.49 78.02 1.014075440980601 101.50972322396255 -3 126 125 125
-0.23 1 -0.046 -12.94 76.8 1.0271397178573127 102.95276451337553 -3 126 125 124
-0.246 1 -0.045 -13.81 75.96 1.0307962941338118 103.82033952701046 -3 126 125 123
-0.281 1.005 -0.02 -15.62 74.34 1.043736556799655 105.62109786097702 -3 125 124 123
-0.323 0.999 0 -17.92 72.08 1.0499190444981936 107.91722996611881 -3 125 124 122
-0.381 0.99 0.002 -21.05 68.95 1.0607850866221677 111.04914468607679 3 125 124 122
-0.473 0.982 0.006 -25.72 64.28 1.0899949541167608 115.7187245273847 3 125 123 123
-0.576 0.975 -0.007 -30.57 59.42 1.1324530895361626 120.57328702391887 -3 125 123 123
-0.692 0.97 -0.057 -35.46 54.4 1.1929010855892455 125.50413880291943 -3 125 123 123
-0.799 0.956 -0.118 -39.68 49.81 1.2515034958001516 129.88800253402286 -3 126 122 123
-0.865 0.927 -0.156 -42.62 46.52 1.2774545001682056 133.01845874953406 -3 126 122 123
-0.89 0.831 -0.17 -46.38 42.52 1.2294555705677208 136.963467516576 -3 127 121 124
-0.839 0.748 -0.107 -47.99 41.49 1.129103183947331 138.2817975857611 -3 127 121 125
-0.74 0.715 -0.07 -45.85 43.89 1.0313704475114651 135.98436670305472 -3 128 119 126
-0.621 0.717 -0.056 -40.81 48.99 0.9501926120529458 130.89612452736304 -3 128 118 128
-0.315 0.758 -0.091 -22.42 66.61 0.8258752932495317 112.56617198323784 -3 129 117 131
-0.177 0.784 -0.133 -12.55 74.23 0.8146618930574818 102.72211257460988 -3 129 117 133
-0.065 0.762 -0.121 -4.82 79.78 0.7742803109985427 94.87563242998645 -1 129 117 134
0.018 0.717 -0.081 1.43 83.4 0.7217852866330818 88.56191429259634 1 129 117 135
0.102 0.69 -0.004 8.41 81.58 0.6975098565611815 81.59108826739929 -3 128 117 135
0.212 0.771 0.182 14.98 70.08 0.8200664607213247 74.62547598436734 3 127 117 135
0.26 0.853 0.251 16.3 67.04 0.9263962435156999 73.048434415431 3 128 117 135
0.365 0.95 0.247 20.4 65.11 1.0472506863210929 68.98269912524373 3 129 118 135
0.451 1.018 0.205 23.48 64.05 1.1321439837759153 66.10543413181824 3 130 119 135
0.647 1.061 0.029 31.37 58.6 1.2430490738502644 58.62507463134097 3 130 122 132
0.757 1.069 -0.085 35.22 54.53 1.3126442777843508 54.69622274196205 -3 129 123 131
0.82 1.064 -0.161 37.31 51.85 1.3529290447026407 52.379396566148046 -3 129 124 130
0.852 1.07 -0.223 37.94 50.54 1.385832962517489 51.471033673096926 -3 128 126 129
0.872 1.082 -0.251 38.13 50.02 1.4121292433768236 51.13413903292681 -3 128 127 128
0.865 1.07 -0.256 38.18 49.87 1.3995217040117671 51.0475370744251 -3 128 129 127
0.839 1.064 -0.218 37.69 50.83 1.3724215824592674 51.74302542057341 -3 128 130 125
0.807 0.994 -0.166 38.69 50.35 1.2910619659799447 50.927848170702404 -3 128 131 124
0.65 0.893 -0.072 35.96 53.78 1.1068572627037327 53.9497433919183 -3 128 132 120
0.519 0.85 -0.047 31.37 58.49 0.997030591306004 58.59225199732533 -3 128 134 118
0.376 0.797 -0.033 25.24 64.66 0.8818582652558176 64.7435081002007 -3 127 135 116
0.181 0.798 -0.026 12.77 77.09 0.8186824781317846 77.2205628284575 -3 127 137 114
-0.039 0.755 -0.014 -2.96 86.86 0.7561362311118281 92.95702132927453 -3 126 138 113
-0.214 0.737 -0.035 -16.17 73.6 0.7682382442966504 106.19151908871798 -3 124 139 112
-0.373 0.718 -0.067 -27.35 62.17 0.8118756062353395 117.45181388037457 -3 123 137 112
-0.661 0.621 -0.169 -45.76 42.31 0.9225632769626159 136.7871200481707 -3 118 137 111
-0.954 0.552 -0.191 -58.52 29.57 1.118615662325537 149.94562391712563 -3 117 136 114
-1.054 0.497 -0.227 -62.6 24.75 1.18720427896803 154.7543879989949 -3 117 136 117
-1.122 0.442 -0.221 -66.23 21.13 1.22600530178299 158.4985656759521 -3 118 137 120
-1.321 0.388 -0.139 -72.67 16.28 1.3838012863124531 163.63159595289503 -3 120 136 123
-1.225 0.478 -0.18 -67.37 21.11 1.3272185200636706 158.68406777670407 -3 123 134 126
