0.13 0.956 -0.314 7.36 70.43 1.0146092844045929 82.25623096667393 1 126 127 128
0.133 0.965 -0.314 7.47 70.54 1.023479359830964 82.15271423731082 1 127 127 128
0.157 0.992 -0.3 8.61 71.15 1.0481951154246045 81.00661297105322 1 126 126 127
0.151 0.979 -0.302 8.38 70.97 1.0355896870865409 81.23184994993217 1 126 127 128
0.174 0.982 -0.297 9.63 70.68 1.0405810876620811 79.95208355573749 1 126 126 127
0.188 0.977 -0.286 10.46 70.69 1.0352144705325559 79.10794772562384 1 126 125 126
0.121 0.951 -0.307 6.9 70.86 1.0066235641986532 82.74896130913973 1 127 122 126
0.151 0.96 -0.298 8.54 70.81 1.0164669202684364 81.06108940189577 1 127 122 126
0.043 0.963 -0.344 2.41 70.2 1.0235008549092668 87.44331975348109 1 127 122 127
0.06 0.981 -0.35 3.3 70.1 1.0432933432165663 86.50003086093209 1 128 126 126
0.052 0.97 -0.344 2.89 70.27 1.0305047307023876 86.93141097513936 1 128 125 126
0.069 0.985 -0.362 3.76 69.49 1.051679609006469 85.99293283606721 1 128 127 126
0.083 0.992 -0.348 4.51 70.17 1.054541132436284 85.21723900423122 1 128 126 126
0.083 0.99 -0.357 4.51 69.68 1.0556694558430681 85.20762181773716 1 128 127 126
0.073 0.989 -0.379 3.94 68.68 1.0616454210328419 85.7785432041258 1 127 126 127
0.085 0.96 -0.314 4.81 71.28 1.0136177780603495 84.94013115373588 1 127 121 127
0.07 0.968 -0.389 3.84 67.79 1.04558356911344 85.86390978174123 1 127 126 127
0.07 0.977 -0.387 3.81 68.07 1.0531846941538792 85.9018805042984 1 127 126 127
0.076 0.963 -0.405 4.16 66.83 1.0474588297398615 85.48756756229908 1 127 126 127
0.074 0.964 -0.401 4.05 67.07 1.0466962310049654 85.6103848844194 1 127 126 127
0.075 0.957 -0.409 4.12 66.51 1.0434342336726354 85.51889425189113 1 127 126 127
0.066 0.956 -0.409 3.63 66.57 1.0419083452972242 86.05070005905732 1 126 126 126
0.067 0.965 -0.401 3.67 67.15 1.047146121608632 86.02832473932538 1 127 126 127
0.059 0.961 -0.403 3.24 67.03 1.0437485329331007 86.48677076642598 1 126 126 126
0.08 0.956 -0.406 4.4 66.59 1.0417158921702212 85.21651905123254 1 127 126 126
0.063 0.956 -0.405 3.47 66.79 1.0401586417465367 86.22968365019935 1 126 126 126
0.051 0.956 -0.403 2.81 66.98 1.0387232547700085 86.94632064804262 1 126 126 126
0.048 0.953 -0.414 2.64 66.38 1.0401485470835403 87.11660511308389 1 126 127 126
0.042 0.957 -0.415 2.31 66.45 1.0439530640790322 87.48706422818498 1 126 127 125
0.044 0.953 -0.407 2.43 66.75 1.03720489779021 87.35653172673996 1 126 126 126
0.041 0.958 -0.412 2.25 66.63 1.0436421800598135 87.54937965151943 1 126 127 125
0.037 0.96 -0.406 2.03 66.99 1.042978906785751 87.79281762577743 1 127 127 125
0.029 0.959 -0.405 1.6 67.05 1.041415863140177 88.26791302563387 1 127 127 125
0.007 0.973 -0.399 0.38 67.7 1.0516553617987217 89.58780725859768 1 127 127 123
-0.015 0.958 -0.4 -0.83 67.32 1.0382624908952456 90.89704224379312 -1 127 126 123
0.054 0.978 -0.423 2.9 66.44 1.0669250207957446 86.83963837395433 1 128 127 121
-0.023 0.95 -0.478 -1.24 63.26 1.063725998554139 91.38689004501946 -1 128 127 122
-0.003 0.951 -0.44 -0.16 65.17 1.0478597234363003 90.18074318440902 -1 128 127 121
0.021 0.984 -0.412 1.13 67.25 1.066977506791966 88.7774098080229 1 127 127 124
-0.017 0.951 -0.463 -0.92 64.03 1.057855850293413 91.02410570120715 -1 128 127 122
-0.124 0.915 -0.475 -6.86 61.79 1.0383766176103928 97.71765709107723 -1 127 126 124
-0.127 0.894 -0.471 -7.16 61.38 1.0184331102237396 98.08523487741252 -1 127 126 125
-0.147 0.882 -0.462 -8.4 61.2 1.0064675851710279 99.46232220802563 -1 126 126 126
-0.156 0.878 -0.464 -8.93 60.86 1.005244248926598 100.0749749658701 -1 126 126 126
-0.199 0.918 -0.45 -11.01 61.81 1.0415493267243756 102.2310840518406 -1 126 126 127
-0.184 0.892 -0.455 -10.41 61.18 1.0181085403826058 101.65538087777206 -1 126 126 127
-0.324 0.961 -0.475 -16.82 59.11 1.1198758859802276 108.63147239730381 -1 126 125 127
-0.441 1.004 -0.487 -21.56 56.8 1.1998608252626635 113.71314780445171 -1 125 124 127
-0.563 1.032 -0.509 -26.07 53.67 1.2810441054077726 118.61434939980262 -3 126 123 127
-0.24 0.934 -0.466 -12.95 60.7 1.0710331460790559 104.41090871793618 -1 126 125 127
