0.244 0.99 -0.199 13.58 72.36 1.0388633211351723 76.15456004015186 -3 126 126 127
0.242 0.974 -0.214 13.64 71.65 1.0261754235996883 76.0468339695211 -3 126 126 127
0.243 0.982 -0.209 13.61 71.92 1.032983058912391 76.1011232780194 -3 126 126 127
0.242 0.974 -0.214 13.64 71.65 1.0261754235996883 76.0468339695211 -3 126 126 127
0.243 0.987 -0.204 13.56 72.18 1.0367420122672757 76.16882287016612 -3 126 126 127
0.237 0.968 -0.215 13.44 71.71 1.0195185138093372 76.24263376278779 -3 126 126 126
0.238 0.975 -0.209 13.42 72 1.0251585243268477 76.28221698598858 -3 126 126 127
0.238 0.971 -0.21 13.47 71.9 1.0215600814440626 76.22785456724866 -3 126 126 127
0.237 0.968 -0.217 13.44 71.64 1.01994215522254 76.24263376278779 -3 126 126 127
0.239 0.976 -0.207 13.47 72.05 1.0259366452174323 76.24034516082585 -3 126 126 127
0.237 0.978 -0.21 13.33 72.06 1.0279849220684125 76.37803549826174 -3 126 126 126
0.239 0.978 -0.207 13.45 72.08 1.0278394816312515 76.26741717945005 -3 126 126 127
0.24 0.977 -0.21 13.5 71.92 1.0277300229145785 76.19857398586717 -3 126 126 127
0.241 0.979 -0.216 13.52 71.71 1.0311052322629346 76.17050008816481 -3 126 126 127
0.243 0.977 -0.217 13.65 71.56 1.0298868869929358 76.03277092836737 -3 126 126 127
0.243 0.979 -0.217 13.62 71.59 1.0317843766989303 76.06019078979719 -3 126 126 127
0.246 0.977 -0.219 13.8 71.37 1.03102182324139 75.86720620059532 -3 126 126 126
0.247 0.973 -0.217 13.92 71.33 1.0270477106736569 75.75611388163662 -3 126 127 126
0.245 0.972 -0.217 13.82 71.39 1.0256207876208439 75.85285266958815 -3 126 127 126
0.237 0.972 -0.216 13.39 71.74 1.0235277231223392 76.29711003325264 -3 126 127 126
0.241 0.974 -0.213 13.59 71.73 1.0257319337916706 76.10225222441622 -3 126 127 126
0.239 0.977 -0.21 13.45 71.96 1.0274969586329683 76.25389424252525 -3 126 126 126
0.223 0.979 -0.214 12.55 72.48 1.026628462492639 77.16791185705877 -3 126 127 126
0.218 0.979 -0.215 12.27 72.63 1.0257631305520782 77.44640770084553 -3 127 126 126
0.215 0.974 -0.229 12.13 72.13 1.0233972835609833 77.55218888039799 1 127 126 126
0.215 0.978 -0.219 12.11 72.58 1.0250219509844654 77.60152258705129 1 127 126 126
0.213 0.975 -0.239 11.98 71.82 1.026213915321752 77.67668654329412 1 127 127 126
0.216 0.974 -0.228 12.18 72.13 1.0233845806929085 77.49610891441935 1 127 126 126
0.208 0.977 -0.245 11.67 71.79 1.0285027953292105 77.98135949202187 1 127 127 126
0.196 0.977 -0.252 10.99 71.9 1.0278370493419664 78.65623809898408 1 127 128 125
0.218 0.977 -0.216 12.29 72.56 1.02406493934711 77.42152644175331 -3 127 126 126
0.21 0.99 -0.251 11.62 71.71 1.0426893113483038 78.02386755579664 1 127 129 126
0.196 0.976 -0.25 11.01 71.97 1.026397583785153 78.64491719685981 1 127 128 125
0.263 1.001 -0.237 14.34 70.52 1.0617622144340981 75.27897902506439 -3 127 128 127
0.215 0.994 -0.244 11.86 71.88 1.04584750322406 77.7950664344928 1 127 129 126
0.263 1.001 -0.237 14.34 70.52 1.0617622144340981 75.27897902506439 -3 127 128 127
0.526 1.076 -0.303 25.2 60.57 1.2354193619981841 63.94841480350731 -3 128 126 125
0.332 1.022 -0.252 17.51 67.81 1.1037264153765642 72.00344470161514 -3 127 126 126
0.394 1.045 -0.271 20.05 65.41 1.1492179949861558 69.34187689096214 -3 127 126 126
0.556 1.063 -0.313 26.65 59.03 1.2397878850835735 62.38827436852005 -3 128 126 124
0.566 1.039 -0.32 27.5 57.96 1.2256741002403535 61.420458795526365 -3 128 126 124
0.488 0.964 -0.304 25.77 59.19 1.1224330715013702 63.150369476771395 -3 128 125 124
0.416 0.926 -0.314 23.05 60.63 1.062604347817192 65.80828328460862 -3 127 125 125
0.355 0.907 -0.344 20.1 61.41 1.0329617611509152 68.62461419728626 -3 126 125 125
0.038 0.852 -0.371 2.34 66.36 0.9300478482314768 87.44624688335114 1 125 126 124
0.545 0.999 -0.318 27.47 57.72 1.181587914630139 61.38552211540661 -3 128 126 124
0.115 0.875 -0.378 6.88 65.7 0.9600697891299361 82.51261180285637 1 125 125 124
0.189 0.887 -0.362 11.16 65.28 0.9764906553572338 77.97142977785182 1 125 125 124
-0.222 0.798 -0.316 -14.5 64.18 0.8865348272910659 105.54632727307906 -1 125 127 126
-0.298 0.873 -0.283 -17.99 64.79 0.9648948129200404 108.84742416871569 -3 125 127 127
-0.268 0.809 -0.286 -17.35 64.15 0.8989443809268737 108.3286487973671 -1 125 128 127
-0.295 0.836 -0.282 -18.49 63.98 0.9302929646084613 109.43644980881453 -3 125 127 127
-0.248 0.986 -0.261 -13.67 69.94 1.049676616868262 104.1182507299315 -1 124 126 127
-0.27 0.921 -0.274 -15.69 67.33 0.9981067077221755 106.33900605580567 -1 125 127 127
-0.326 1.124 -0.231 -15.86 70.43 1.1929010855892455 106.17403981672442 -3 125 126 127
-0.275 1.054 -0.256 -14.23 70.38 1.1189624658584398 104.62308686440352 -3 124 126 127
-0.053 0.83 -0.347 -3.37 67.08 0.9011758984793146 93.65368556412776 -1 125 126 124
-0.498 1.225 -0.165 -21.94 66.82 1.3326117213952458 112.12324730076132 -3 126 126 128
-0.571 1.229 -0.149 -24.76 64.35 1.363335248572412 114.91983403004139 -3 126 126 128
-0.622 1.203 -0.126 -27.21 62.19 1.3601356549991623 117.34080527657031 -3 127 126 127
-0.309 0.834 -0.183 -19.89 66.7 0.9080341403273338 110.32984908121531 -3 128 129 127
-0.625 1.14 -0.128 -28.58 60.77 1.3063724583747163 118.7335627474384 -3 128 126 126
-0.535 0.979 -0.152 -28.37 60.4 1.1259529297444009 118.65554539774568 -3 128 128 126
-0.171 0.804 -0.176 -11.74 73.03 0.8406146560701878 102.00712658783873 -1 127 130 128
-0.443 0.902 -0.16 -25.81 62.43 1.01757211046687 116.15707744366487 -3 128 128 126
-0.012 0.786 -0.177 -0.85 77.28 0.8057723003429691 90.87467677112132 -1 127 130 129
0.614 0.813 -0.285 35.48 50.22 1.0579177661803396 52.938892178315534 -3 126 126 132
0.337 0.793 -0.208 22.35 63.46 0.8863870486418447 66.97603795968206 -3 126 128 131
0.703 0.82 -0.35 38.26 46.24 1.1353893605279204 49.39295161134013 -3 126 125 132
0.759 0.88 -0.358 38.62 46.36 1.2159954769652723 49.2222302061427 -3 126 125 132
0.158 0.787 -0.182 11.07 72.97 0.823077760603456 78.64807209286025 1 126 129 130
0.759 0.854 -0.358 39.34 45.5 1.197314077424967 48.37062520619853 -3 126 125 132
0.729 0.898 -0.358 37.02 47.87 1.2107885860050052 50.93016953740401 -3 126 125 131
0.609 0.939 -0.277 31.88 54.53 1.1529661746989806 57.034078487557295 -3 126 125 127
0.695 0.921 -0.335 35.34 50.05 1.201453702811723 52.96126452569358 -3 126 125 129
0.657 0.941 -0.286 33.74 52.71 1.1827620217102002 55.07750851681047 -3 126 125 128
0.414 0.993 -0.231 22.1 64.48 1.1003663026465322 67.36784509515255 -3 127 126 126
0.512 0.961 -0.238 27.35 59.56 1.114589161978529 61.95227489265806 -3 126 125 126
0.46 0.977 -0.23 24.62 62.24 1.1040964631770178 64.78758042495309 -3 126 126 126
0.378 1 -0.235 20.2 66.01 1.0945816552455099 69.29340786299056 -3 127 126 126
0.349 1.008 -0.241 18.61 67.18 1.0935931601834386 70.90260355442771 -3 127 126 126
0.324 1.007 -0.255 17.32 67.73 1.0881406159132192 72.16453670899116 -3 127 126 126
0.224 1.003 -0.293 12.1 69.81 1.0686599084835173 77.41072183360373 1 127 126 125
0.252 1 -0.286 13.62 69.13 1.0701868995647443 75.85595650967328 1 127 126 125
0.198 0.998 -0.29 10.79 70.62 1.0579735346406356 78.77841869652724 1 127 126 125
0.182 0.993 -0.282 10 71.32 1.0481874832299802 79.61393337900935 1 126 127 125
0.303 1.001 -0.27 16.29 67.93 1.0801435089838756 73.15907769165496 -3 127 126 125
0.168 0.99 -0.29 9.25 71.3 1.0451908916556822 80.36883020754 1 126 127 125
0.162 0.967 -0.269 9.17 72.01 1.0167074308767492 80.48964311215416 1 125 128 126
0.162 0.967 -0.269 9.17 72.01 1.0167074308767492 80.48964311215416 1 125 128 126
0.175 0.961 -0.263 9.96 71.8 1.0115903321008954 79.67941437417731 1 124 128 127
0.191 0.972 -0.253 10.77 71.94 1.0223864240100218 78.88290549349168 1 124 127 126
0.188 0.97 -0.262 10.6 71.61 1.022197632554488 79.03124518960192 1 124 127 126
0.196 0.969 -0.241 11.11 72.23 1.0175745672922452 78.5650422186379 1 125 127 126
0.168 0.962 -0.273 9.54 71.57 1.014000493096527 80.09398197165822 1 124 128 126
0.193 0.969 -0.223 10.98 73.07 1.0128864694525246 78.73555840924591 1 125 126 126
0.195 0.968 -0.229 11.09 72.74 1.0136518139874262 78.61041108145358 1 125 127 126
0.185 0.984 -0.198 10.44 74.6 1.0206297075825297 79.35222237282358 1 126 126 127
0.191 1.005 -0.178 10.6 75.44 1.0383592827148027 79.23928171936437 -3 126 126 127
0.184 1 -0.179 10.27 75.6 1.032422878475676 79.57419147411521 -3 126 126 127
0.181 0.996 -0.183 10.13 75.51 1.0287205645849606 79.70021589025181 1 126 126 127
0.207 1.009 -0.185 11.41 74.62 1.04649653606689 78.40642737022198 -3 127 127 127
0.188 0.977 -0.209 10.66 73.95 1.0166385788469765 79.10794772562384 1 125 126 126
0.22 1.011 -0.193 12.07 73.86 1.0525065320462386 77.72346267445884 -3 127 127 127
0.237 1.014 -0.204 12.91 72.86 1.0611225188450202 76.84454469001608 -3 127 127 127
0.281 1.013 -0.267 15.02 69.06 1.0846285078311373 74.49631114488263 -3 128 127 127
0.197 1.008 -0.181 10.89 75.14 1.042896926834095 78.94169908149625 -3 126 127 127
0.253 1.013 -0.222 13.71 71.62 1.0674558538881127 75.97706565599515 -3 127 127 127
0.279 1.003 -0.278 15.01 68.56 1.077559279111827 74.4552673548693 -3 129 128 128
0.248 0.931 -0.264 14.37 68.74 0.9989799797793748 75.08390562139368 1 131 131 128
0.262 0.836 -0.205 16.93 68.3 0.8997583008786304 72.59915872196143 -3 131 134 128
0.262 0.836 -0.205 16.93 68.3 0.8997583008786304 72.59915872196143 -3 131 134 128
0.251 0.888 -0.244 15.25 68.49 0.9545056312039233 74.21664889041325 -3 130 132 127
0.293 0.966 -0.323 16.05 65.7 1.059874520874995 73.12678676420477 1 128 128 126
0.277 0.912 -0.27 16.24 67.02 0.9906427206616925 73.10499162944937 -3 129 130 126
0.271 0.976 -0.286 14.92 68.02 1.0525269592746782 74.48194467933303 1 130 130 128
0.266 0.974 -0.336 14.48 66.25 1.0641090169714755 74.72497310472286 1 128 127 126
0.285 0.89 -0.303 16.86 64.95 0.9824123370560857 72.24364965934593 1 126 126 128
0.292 0.875 -0.301 17.51 64.39 0.9703040760503895 71.54540915538841 1 126 127 128
0.315 0.863 -0.318 18.91 62.59 0.9721717955176441 69.94762492320531 1 126 127 128
0.291 0.93 -0.312 16.52 65.36 1.0231935300811865 72.62493008295397 1 127 127 126
0.304 0.866 -0.307 18.31 63.49 0.9677918164564113 70.65692397122947 1 126 127 128
0.346 0.886 -0.354 19.93 60.81 1.0149029510253678 68.66840090154307 1 125 126 128
0.348 0.875 -0.348 20.28 60.64 1.0039088604051665 68.31157750880325 0 125 127 128
0.331 0.865 -0.336 19.63 61.4 0.9852319523848179 69.06020261234849 1 126 127 128
0.341 0.895 -0.359 19.47 61.05 1.0228328309161767 69.14287988824435 1 125 126 128
0.426 0.963 -0.333 22.69 60.69 1.1044156826123033 66.13695399096724 -3 125 124 128
0.376 0.95 -0.35 20.37 61.6 1.0799888888317324 68.40686214998141 -3 125 124 128
0.501 0.977 -0.294 26.15 59.27 1.1366468228961888 62.85150891334882 -3 125 124 127
0.359 0.931 -0.348 19.86 61.76 1.056762035654196 68.91301788641465 -3 125 125 128
0.749 0.978 -0.176 37.01 51.81 1.2443717290263387 52.55334990342187 -3 124 127 127
1.146 0.904 -0.104 51.55 38.15 1.4633345482151374 38.267461520447995 -3 124 130 125
0.607 0.982 -0.234 31.02 56.48 1.1779342086890932 58.27869968054402 -3 124 125 127
1.159 0.872 -0.113 52.81 36.83 1.4547968930403996 36.956805132232915 -3 125 130 123
0.98 0.79 -0.169 50.5 38.46 1.2700633842450542 38.87306699450592 -3 125 130 118
1.112 0.824 -0.151 53.01 36.29 1.3922359713784156 36.53871185742864 -3 125 130 120
0.577 0.739 -0.156 37.38 51.03 0.9504662013980298 52.017821376661345 -3 125 128 117
0.911 0.961 -0.125 43.23 46.26 1.3300627804731624 46.52997223706609 -3 124 128 127
0.075 0.679 -0.183 6.09 73.76 0.7072163742448275 83.69685692627088 1 126 125 124
0.424 0.699 -0.183 30.4 56.55 0.8377744326487887 58.759802791776366 -3 126 127 119
-0.226 0.74 -0.168 -16.58 69.17 0.7917701686727027 106.98295461394555 -3 125 125 126
-0.388 0.799 -0.159 -25.47 62.31 0.9023447234843235 115.90153455146292 -3 124 125 126
-0.526 0.863 -0.163 -30.92 57.46 1.0237255491585624 121.36238016308857 -3 124 126 125
-0.056 0.687 -0.184 -4.5 74.36 0.7134150264747723 94.66009521397484 -1 126 124 126
-0.654 0.926 -0.159 -34.84 53.99 1.144758926586729 125.23216586644051 -3 123 127 124
-0.781 1.06 -0.168 -36.04 53 1.3273224928403797 126.38250796633169 -3 122 127 124
-0.77 1.143 -0.2 -33.57 55.16 1.3926051127293766 123.96680087585383 -3 123 127 125
-0.71 1.257 -0.214 -29.11 59.46 1.4594331091214834 119.45936469719268 -3 126 126 127
-0.592 1.32 -0.237 -23.82 64.22 1.4659580485129853 114.1555116452894 -3 127 125 128
0.782 0.76 -0.16 45.2 43.6 1.1021451809993092 44.18260594472302 -3 125 129 116
0.084 1.034 0.043 4.64 84.79 1.0382971636289873 85.35560967945165 3 126 126 126
0.078 1.031 0.049 4.32 84.89 1.035106757779119 85.67354653547407 3 126 126 126
0.066 1.006 0.05 3.75 85.29 1.0094018030497072 86.24641158241926 3 126 126 126
0.072 1.026 0.049 4.01 85.15 1.029689759102226 85.98582430458899 3 126 126 126
0.065 1 0.051 3.71 85.28 1.0034071955093806 86.28100602684196 3 126 126 126
0.061 0.995 0.05 3.5 85.47 0.9981212351212652 86.4917852231394 3 126 126 126
0.058 0.988 0.047 3.36 85.68 0.9908163301036171 86.64033840851089 3 126 126 126
0.057 0.989 0.048 3.29 85.69 0.9918034079392951 86.70146554009136 3 126 126 126
0.06 0.991 0.049 3.46 85.53 0.9940231385636855 86.53526193807534 3 126 126 126
0.057 0.988 0.045 3.3 85.8 0.9906654329287966 86.69813432556501 3 126 126 126
0.06 0.986 0.041 3.48 85.78 0.9886743649958767 86.51773539822854 3 126 126 126
0.065 0.99 0.049 3.75 85.3 0.9933408277122209 86.24354745219593 3 126 126 126
0.063 0.99 0.048 3.64 85.43 0.9931631285946936 86.35881474209866 3 126 126 126
0.061 0.994 0.056 3.51 85.24 0.9974432314673352 86.48826466003153 3 126 126 126
0.057 0.999 0.063 3.26 85.14 1.0026061041106822 86.73441208360454 1 126 126 126
0.052 1.009 0.071 2.94 85.02 1.012830686738904 87.04980474942569 1 126 126 126
0.046 1.015 0.075 2.59 85.05 1.0188061640959971 87.40511956982364 1 126 126 126
0.047 1.016 0.078 2.64 84.88 1.0200730366008113 87.35139450051234 1 126 126 126
0.049 1.017 0.075 2.75 84.97 1.0209382939237805 87.24156954042367 1 126 126 126
0.049 1.014 0.076 2.76 84.9 1.0180240665131646 87.23342116412242 1 126 126 126
0.052 1.007 0.074 2.95 84.87 1.011053411052057 87.0439557564286 1 126 126 126
0.047 0.995 0.073 2.7 85.01 0.9987807567229157 87.29557641960764 1 126 126 126
0.049 0.992 0.073 2.82 84.94 0.9958885479811483 87.17216409716883 1 126 126 126
0.046 0.999 0.075 2.63 84.97 1.002866890469518 87.36361809866413 1 126 126 126
0.051 1.018 0.075 2.86 84.91 1.0220322891181082 87.13198056788858 1 126 126 126
0.045 0.992 0.071 2.59 85.16 0.9955551215276831 87.4026777059874 1 126 126 126
0.046 0.996 0.071 2.64 85.15 0.9995864144735062 87.35568844373562 1 126 126 126
0.039 1.002 0.081 2.22 84.87 1.006024850587698 87.77104986607226 1 126 126 127
0.045 0.999 0.074 2.57 85.05 1.0027472263736261 87.42085249971659 1 126 126 126
0.039 0.996 0.086 2.23 84.58 1.0004663912396057 87.7576361214175 1 126 126 127
0.04 0.997 0.084 2.29 84.67 1.0013316134028727 87.70250482466723 1 126 126 127
0.039 1.003 0.077 2.22 85.08 1.0067070080216984 87.77326991123738 1 126 126 127
0.035 0.997 0.086 2 84.68 1.0013141365226 87.9894392135785 1 126 126 127
0.039 0.994 0.085 2.24 84.63 0.9983897034725469 87.75312894242633 1 126 126 127
0.037 0.999 0.087 2.11 84.59 1.0034635020766824 87.87890360333854 1 126 126 127
0.038 0.995 0.084 2.18 84.71 0.9992622278461245 87.8128824020304 1 126 126 127
0.042 0.996 0.087 2.41 84.46 1.0006742726781777 87.58534347914922 1 126 126 127
0.035 1 0.087 2 84.64 1.0043873754682502 87.9954659678941 1 126 126 127
0.04 0.997 0.087 2.29 84.51 1.0015877395415742 87.70250482466723 1 126 126 127
0.055 0.998 0.086 3.14 84.16 1.0032073564323578 86.84560781820046 1 126 126 127
0.045 0.998 0.087 2.57 84.39 1.0027950937255328 87.4182716785012 1 126 126 127
0.062 1.003 0.086 3.52 83.97 1.0085876263369484 86.46278750437556 1 126 126 127
0.047 0.999 0.086 2.68 84.4 1.0037957959664905 87.30638896231493 1 126 126 127
0.063 1.001 0.091 3.59 83.69 1.0071002929202235 86.39872188277657 1 126 126 127
0.062 0.993 0.093 3.56 83.58 0.9992707340856131 86.42725783687965 1 126 126 127
0.065 1 0.087 3.71 83.8 1.0058797144788238 86.28100602684196 1 126 126 127
0.06 1.003 0.087 3.41 83.99 1.008552427987757 86.57661525666575 1 126 126 127
0.054 0.989 0.096 3.11 83.65 0.9951145662686282 86.87471893689145 1 126 126 127
0.051 0.987 0.098 2.94 83.61 0.993163632036534 87.04205847094057 1 126 126 127
0.051 0.988 0.096 2.94 83.72 0.9939622729258892 87.04504703021708 1 126 126 127
