-0.26 0.964 -0.084 -15.04 74.18 1.0019740515602187 105.09406282503659 -3 126 125 126
-0.254 0.948 -0.082 -14.95 74.28 0.9848573500766494 104.9991070935627 -3 126 126 126
-0.263 0.947 -0.095 -15.45 73.55 0.987422402014457 105.5209904815614 -3 126 126 126
-0.266 0.938 -0.082 -15.78 73.47 0.978429353607096 105.83238662042221 -3 126 126 126
-0.266 0.938 -0.082 -15.78 73.47 0.978429353607096 105.83238662042221 -3 126 126 126
-0.282 0.949 -0.084 -16.49 72.77 0.9935698264339552 106.54957487175257 -3 126 126 127
-0.279 0.946 -0.078 -16.38 72.97 0.9893639370828108 106.43215891824823 -3 126 126 127
-0.277 0.943 -0.081 -16.31 72.98 0.9861739197524947 106.36980132028434 -3 126 126 127
-0.276 0.945 -0.078 -16.23 73.12 0.9875651877218029 106.28115635761448 -3 126 127 127
-0.272 0.944 -0.081 -16.02 73.27 0.9857388092187503 106.0735741647464 -3 126 127 127
-0.27 0.946 -0.079 -15.88 73.44 0.9869432607804767 105.92939596291009 -3 126 127 127
-0.264 0.959 -0.076 -15.35 74.01 0.9975735561852068 105.39152493920317 -3 126 127 127
-0.263 0.969 -0.078 -15.14 74.19 1.007081923182022 105.18505052404777 -3 126 126 127
-0.258 0.976 -0.078 -14.76 74.56 1.012533456237373 104.80711565649383 -3 126 126 127
-0.258 0.977 -0.08 -14.75 74.55 1.013653293784418 104.79262484290088 -3 126 126 127
-0.26 0.975 -0.078 -14.89 74.44 1.0120815184558998 104.93141717813755 -3 126 126 127
-0.258 0.969 -0.079 -14.86 74.44 1.005865796217368 104.90933362574756 -3 126 126 126
-0.256 0.96 -0.079 -14.88 74.41 0.9966829987513582 104.93141717813755 -3 126 126 126
-0.253 0.941 -0.091 -14.98 74.05 0.9786577542736786 105.04883415959162 -3 127 127 126
-0.257 0.935 -0.1 -15.29 73.57 0.9748199833815473 105.36912969126311 -3 127 127 126
-0.261 0.933 -0.104 -15.54 73.24 0.9743849342020843 105.62857857113376 -3 127 127 126
-0.264 0.93 -0.11 -15.74 72.91 0.9729830419899415 105.84770498192687 -3 128 127 126
-0.272 0.932 -0.112 -16.16 72.48 0.9773187811558725 106.26964699225962 -3 128 127 126
-0.274 0.936 -0.125 -16.18 72.16 0.9832583587236877 106.31660279969898 -3 128 127 127
-0.277 0.94 -0.127 -16.28 72.04 0.9881588941055987 106.41923581168787 -3 128 127 127
-0.291 0.953 -0.147 -16.79 71.11 1.0072234111655665 106.98013064616956 -3 128 127 127
-0.293 0.966 -0.158 -16.66 70.99 1.0217480119873001 106.87321323579525 -3 128 127 127
-0.294 0.976 -0.161 -16.55 71.05 1.0319559099108837 106.76385136261148 -3 127 127 127
-0.287 0.987 -0.175 -15.98 71.19 1.0426710890784303 106.21338168998597 -3 127 127 127
-0.274 1 -0.181 -15.09 71.82 1.0525383603460732 105.32297021195707 -3 127 127 127
-0.26 1.008 -0.183 -14.24 72.49 1.0569545874823574 104.46341750630233 -3 127 126 127
-0.252 1.003 -0.181 -13.89 72.81 1.0498923754366443 104.10342891967643 -3 126 126 127
-0.247 0.987 -0.176 -13.84 72.92 1.032547335476684 104.04990157958986 -3 126 126 127
-0.247 0.972 -0.174 -14.04 72.73 1.0178747467149383 104.25794308027187 -3 126 126 127
-0.246 0.954 -0.171 -14.24 72.57 0.999936497983747 104.45939515031851 -3 126 126 127
-0.244 0.936 -0.17 -14.39 72.37 0.9821059006033922 104.61090603822544 -3 126 126 127
-0.246 0.925 -0.177 -14.64 71.86 0.9733807066097007 104.89285753693494 -3 126 126 127
-0.268 0.931 -0.182 -15.78 70.81 0.9857530116616434 106.0591262085477 -3 126 126 127
-0.28 0.946 -0.198 -16.16 70.07 1.006240527905729 106.48786270551014 -3 126 127 128
-0.29 0.953 -0.24 -16.44 68.45 1.024650672180524 106.92512065613504 -3 127 127 128
-0.31 0.962 -0.301 -17.09 65.81 1.054582855919818 107.86129310341957 -3 127 128 128
-0.334 0.984 -0.393 -17.5 62.34 1.1109729969715736 108.74879961904978 -1 127 128 129
-0.346 1.02 -0.503 -16.92 59.1 1.188749342796874 108.73774225513164 -1 127 129 129
-0.364 1.052 -0.638 -16.48 55.08 1.283060403878165 109.0860092031515 -1 127 130 130
-0.38 1.122 -0.855 -15.08 50.18 1.4609274451525647 108.71026011332582 -1 128 130 130
-0.361 1.122 -0.897 -14.11 49.25 1.481152929308787 107.83541733740574 -1 128 130 129
-0.288 1.127 -0.88 -11.39 50.59 1.458585959071319 104.33490516816885 -1 128 130 128
-0.153 1.113 -0.819 -6.32 53.18 1.3903017658048198 97.82718187101024 -1 127 129 127
-0.021 1.052 -0.724 -0.94 55.45 1.2772317722324324 91.14358516084152 -1 126 127 126
0.119 0.952 -0.583 6.08 57.99 1.122654889091033 82.8749836510982 1 125 125 125
0.232 0.849 -0.412 13.81 60.89 0.9717864991859065 74.7163333274496 1 123 123 124
0.253 0.742 -0.198 18.23 66.59 0.8085647778626027 71.17214557655424 -3 122 120 123
0.123 0.606 0.267 10.52 64.12 0.6735384176125367 78.5265215015169 1 119 115 121
0.022 0.577 0.405 1.79 54.9 0.7052928469791822 87.81646992176648 1 119 115 121
-0.032 0.582 0.603 -2.19 43.94 0.8386638182251575 93.14711460409362 -1 119 116 122
-0.033 0.572 0.718 -2.06 38.51 0.9185842367469627 93.301865674435 -1 120 117 123
