0.005 0.978 -0.377 0.27 68.92 1.0481593390320003 89.70707934389857 1 128 126 130
0 0.979 -0.368 0 69.4 1.0458800122384977 90 -1 128 126 130
-0.01 0.978 -0.364 -0.55 69.58 1.0435899577899357 90.58582600090435 -1 128 125 129
-0.062 0.944 -0.335 -3.54 70.16 1.0035960342687689 93.75767343827818 -1 128 125 128
-0.123 0.939 -0.298 -7.12 71.05 0.9928010878317972 97.46270858511038 -1 128 124 127
-0.164 0.952 -0.285 -9.37 70.95 1.0071866758451484 99.77434515209224 -1 128 124 127
-0.205 0.963 -0.277 -11.56 70.31 1.0228015447778713 102.01753361446248 -1 127 124 127
-0.19 0.975 -0.288 -10.59 70.51 1.0342480360145723 101.02713230506072 -1 127 124 127
-0.159 0.961 -0.318 -8.93 69.7 1.0246589676570443 99.39463102321741 -1 126 124 127
-0.102 0.961 -0.339 -5.72 69.78 1.0241318274519156 96.05865835649378 -1 126 125 126
-0.049 0.964 -0.371 -2.72 68.78 1.0340880039919234 92.90983304249262 -1 126 125 126
-0.011 0.964 -0.388 -0.61 68.07 1.0392117204881786 90.65376164159322 -1 127 126 126
0.024 0.954 -0.402 1.33 67.11 1.0355172620482964 88.55890070787787 1 127 126 126
0.049 0.941 -0.43 2.71 65.3 1.03575190079478 87.0191713164163 1 127 126 126
0.063 0.937 -0.444 3.48 64.42 1.0387848670441826 86.1534583724638 1 128 126 126
0.065 0.933 -0.459 3.58 63.58 1.0418229216138413 86.01477185263685 1 128 126 126
0.05 0.938 -0.472 2.73 63.16 1.051250683709647 86.9487417454343 1 128 127 127
0.043 0.955 -0.47 2.31 63.7 1.0652577152971012 87.42193131311343 1 128 127 127
0.017 0.96 -0.463 0.91 64.24 1.0659540327800257 88.98549327364363 1 128 127 126
-0.02 0.956 -0.443 -1.09 65.12 1.0538429674292085 91.1984816501185 -1 128 128 126
-0.041 0.965 -0.406 -2.24 67.08 1.0477318359198597 92.43286526513684 -1 127 128 125
-0.058 0.95 -0.414 -3.2 66.25 1.0379113642310696 93.49372156363505 -1 127 128 125
-0.068 0.929 -0.418 -3.82 65.49 1.0209745344522556 94.186412371939 -1 127 128 125
-0.066 0.912 -0.429 -3.75 64.55 1.0100202968257619 94.13918925572621 -1 126 128 125
-0.069 0.885 -0.465 -3.95 62.02 1.0021032880896061 94.45810997809842 -1 126 129 124
-0.111 0.865 -0.489 -6.37 59.9 0.9998334861365666 97.31244320543136 -1 126 130 124
-0.155 0.865 -0.492 -8.85 59.19 1.0071315703521562 100.15905599584681 -1 126 130 123
-0.176 0.877 -0.497 -9.9 58.99 1.0232858838076484 101.34761879582489 -1 126 131 123
-0.245 0.923 -0.479 -13.26 59.76 1.068360894080273 104.86571546988861 -1 126 130 123
-0.252 0.928 -0.478 -13.57 59.79 1.0738584636720057 105.19240900955029 -1 126 129 124
-0.254 0.919 -0.476 -13.79 59.58 1.0656702116508654 105.45012704232002 -1 126 129 124
-0.281 0.903 -0.465 -15.46 58.97 1.0538477119584215 107.28535502864717 -1 126 128 124
-0.293 0.879 -0.468 -16.4 57.86 1.038033718142142 108.43494882292202 -1 126 128 124
-0.31 0.858 -0.473 -17.56 56.61 1.0276152003546852 109.86505956875101 -1 126 128 124
-0.313 0.86 -0.464 -17.76 56.94 1.0260921011293285 109.9991527629423 -1 126 127 124
-0.312 0.879 -0.484 -17.27 56.77 1.0508287205819986 109.5422573415048 -1 126 127 125
-0.332 0.891 -0.487 -18.11 56.52 1.0683042637750726 110.4361502380442 -1 126 127 125
-0.339 0.901 -0.487 -18.31 56.63 1.0788378005984032 110.61873966454546 -1 126 127 126
-0.35 0.895 -0.491 -18.92 56.03 1.079169124836325 111.35855237706059 -1 126 126 126
-0.345 0.885 -0.49 -18.83 55.9 1.0688077469779118 111.29735404903377 -1 126 126 126
-0.323 0.883 -0.49 -17.74 56.39 1.0602443114678806 110.09243954410383 -1 126 126 126
-0.301 0.876 -0.489 -16.7 56.76 1.0474244602834135 108.9630957095551 -1 126 126 126
-0.26 0.852 -0.486 -14.85 57.1 1.014741346353838 106.97031901771665 -1 126 126 127
-0.26 0.852 -0.486 -14.85 57.1 1.014741346353838 106.97031901771665 -1 126 126 127
-0.252 0.847 -0.481 -14.51 57.34 1.0061182833047015 106.56882917959906 -1 127 126 127
-0.243 0.853 -0.478 -13.96 57.85 1.0075425549325447 105.90102872726548 -1 127 126 127
-0.26 0.861 -0.465 -14.88 58.25 1.0124949382589525 106.80297449890737 -1 126 126 127
-0.266 0.867 -0.46 -15.16 58.5 1.0168800322555263 107.05627921878015 -1 126 126 127
-0.272 0.876 -0.457 -15.39 58.74 1.0247970530792916 107.24968800429963 -1 126 126 127
-0.274 0.877 -0.452 -15.52 58.92 1.023967284633645 107.35030461422312 -1 126 126 127
-0.26 0.886 -0.452 -14.65 59.52 1.0280564186852783 106.3545227491557 -1 126 126 127
-0.244 0.895 -0.451 -13.68 60.19 1.031485336783805 105.2497016869528 -1 126 126 127
-0.226 0.887 -0.452 -12.79 60.33 1.0208569929231028 104.29433081926268 -1 126 126 127
-0.207 0.884 -0.457 -11.75 60.42 1.016441833062768 103.17909030630061 -1 126 126 126
-0.211 0.88 -0.456 -12.02 60.28 1.0133395284898343 103.48342008157141 -1 126 126 126
-0.22 0.879 -0.454 -12.54 60.15 1.0134875430906884 104.05157959698023 -1 126 126 126
-0.227 0.892 -0.451 -12.8 60.49 1.0249848779372308 104.27780527044095 -1 126 126 126
-0.242 0.895 -0.45 -13.58 60.28 1.0305770228372064 105.13045681209796 -1 126 126 126
-0.249 0.892 -0.444 -14.03 60.29 1.0270350529558374 105.59696843100005 -1 126 126 126
-0.261 0.891 -0.44 -14.72 60.14 1.0274249364308812 106.32685351056502 -1 126 126 126
-0.269 0.887 -0.437 -15.22 59.95 1.0247433825109582 106.87094751308976 -1 126 126 126
-0.278 0.877 -0.423 -15.93 60.01 1.0125917242403277 107.5880807917889 -1 126 126 126
-0.278 0.877 -0.419 -15.96 60.17 1.0109272970891625 107.5880807917889 -1 126 126 126
-0.272 0.87 -0.418 -15.74 60.18 1.002800079776622 107.36152408379876 -1 126 126 126
-0.268 0.869 -0.421 -15.51 60.13 1.0021107723201061 107.13978662708372 -1 126 126 126
-0.26 0.867 -0.435 -15 59.69 1.0042479773442414 106.69318118856513 -1 126 126 126
-0.262 0.865 -0.442 -15.09 59.29 1.0060979077604724 106.85104490549558 -1 126 126 126
-0.271 0.871 -0.449 -15.46 58.95 1.016702021243196 107.28283117275417 -1 126 126 126
-0.285 0.875 -0.447 -16.18 58.79 1.023063536638854 108.04116959683519 -1 126 126 126
-0.311 0.876 -0.446 -17.56 58.17 1.0310252179263124 109.54602403565308 -1 126 126 126
-0.327 0.871 -0.453 -18.42 57.32 1.0347845186317777 110.5776689874006 -1 126 127 126
-0.33 0.889 -0.448 -18.34 57.96 1.0487730927135765 110.36510714007942 -1 126 127 125
-0.332 0.906 -0.445 -18.21 58.5 1.0625841143175443 110.12515349724337 -1 126 127 125
-0.324 0.91 -0.443 -17.75 58.9 1.0626970405529508 109.59796468068276 -1 126 127 126
-0.324 0.917 -0.43 -17.74 59.58 1.0633743461265182 109.45964212091896 -1 126 127 126
-0.334 0.905 -0.429 -18.44 59 1.0557566007371209 110.25712551973709 -1 126 127 126
-0.34 0.889 -0.422 -19.06 58.63 1.0411556079664557 110.92946299118653 -1 126 126 126
-0.338 0.883 -0.415 -19.11 58.78 1.0325492724320713 110.9461441524713 -1 126 126 126
-0.337 0.877 -0.41 -19.19 58.82 1.025084386770182 111.01999741462292 -1 126 126 126
-0.338 0.871 -0.407 -19.37 58.73 1.0190848836088189 111.20922613422282 -1 126 126 126
-0.333 0.853 -0.411 -19.38 58.2 1.0037026452092273 111.32502075654381 -1 126 126 126
-0.338 0.847 -0.41 -19.76 57.9 0.9998764923729331 111.75474219509307 -1 126 126 126
-0.357 0.836 -0.411 -20.97 56.93 0.9976301920050334 113.12410521462726 -1 126 126 126
-0.378 0.839 -0.414 -22 56.25 1.0090594630644916 114.25329590666865 -1 126 126 125
-0.434 0.854 -0.426 -24.45 54.55 1.0484025944263968 116.93952806380082 -3 126 125 124
-0.531 0.848 -0.444 -29.02 50.78 1.09462367962693 122.05394408596791 -3 126 124 124
-0.642 0.818 -0.484 -34.04 45.49 1.1469716648636095 128.12627931830716 -3 127 123 123
-0.855 0.747 -0.553 -42.61 36.26 1.2628709356066439 138.85680098558987 -3 128 122 125
-0.909 0.701 -0.571 -45.15 33.15 1.2820776107552927 142.36141263079824 -3 128 122 127
-0.893 0.689 -0.577 -44.82 32.95 1.2669250175128757 142.3477826428648 -3 128 123 129
-0.863 0.686 -0.545 -44.57 33.91 1.2297926654521891 141.51875854972872 -3 127 124 132
-0.782 0.691 -0.51 -42.32 36.51 1.1615097933293546 138.53516492218486 -3 127 125 133
-0.662 0.701 -0.483 -37.87 40.54 1.0783941765421399 133.36102283357263 -3 127 125 134
-0.532 0.705 -0.445 -32.54 45.47 0.9889762383394254 127.03856679938183 -3 127 125 135
-0.266 0.691 -0.364 -18.81 56.88 0.8250654519491165 111.05417807998315 -1 125 125 136
-0.132 0.673 -0.321 -10.04 62.72 0.75722783889659 101.0969379923088 -1 125 125 136
0.008 0.655 -0.282 0.64 66.7 0.713171087467797 89.30023901402487 1 123 125 136
0.12 0.632 -0.254 9.99 66.04 0.6916212836516817 79.24903300681196 1 122 124 137
0.239 0.634 -0.232 19.49 62.28 0.7161710689493118 69.34498134368523 -3 121 123 137
0.418 0.74 -0.198 28.62 57.99 0.8726557167634897 60.5394211717296 -3 120 121 138
0.448 0.816 -0.176 28.22 59.47 0.9473837659575975 61.232350661156204 -3 120 120 138
0.538 0.959 -0.167 28.93 59.57 1.1122113108577885 60.7075294433638 -3 120 120 138
0.005 0.978 -0.377 0.27 68.92 1.0481593390320003 89.70707934389857 1 128 126 130
0 0.979 -0.368 0 69.4 1.0458800122384977 90 -1 128 126 130
-0.01 0.978 -0.364 -0.55 69.58 1.0435899577899357 90.58582600090435 -1 128 125 129
-0.062 0.944 -0.335 -3.54 70.16 1.0035960342687689 93.75767343827818 -1 128 125 128
-0.123 0.939 -0.298 -7.12 71.05 0.9928010878317972 97.46270858511038 -1 128 124 127
-0.164 0.952 -0.285 -9.37 70.95 1.0071866758451484 99.77434515209224 -1 128 124 127
-0.205 0.963 -0.277 -11.56 70.31 1.0228015447778713 102.01753361446248 -1 127 124 127
-0.19 0.975 -0.288 -10.59 70.51 1.0342480360145723 101.02713230506072 -1 127 124 127
-0.159 0.961 -0.318 -8.93 69.7 1.0246589676570443 99.39463102321741 -1 126 124 127
-0.102 0.961 -0.339 -5.72 69.78 1.0241318274519156 96.05865835649378 -1 126 125 126
-0.049 0.964 -0.371 -2.72 68.78 1.0340880039919234 92.90983304249262 -1 126 125 126
-0.011 0.964 -0.388 -0.61 68.07 1.0392117204881786 90.65376164159322 -1 127 126 126
0.024 0.954 -0.402 1.33 67.11 1.0355172620482964 88.55890070787787 1 127 126 126
0.049 0.941 -0.43 2.71 65.3 1.03575190079478 87.0191713164163 1 127 126 126
0.063 0.937 -0.444 3.48 64.42 1.0387848670441826 86.1534583724638 1 128 126 126
0.065 0.933 -0.459 3.58 63.58 1.0418229216138413 86.01477185263685 1 128 126 126
0.05 0.938 -0.472 2.73 63.16 1.051250683709647 86.9487417454343 1 128 127 127
0.043 0.955 -0.47 2.31 63.7 1.0652577152971012 87.42193131311343 1 128 127 127
0.017 0.96 -0.463 0.91 64.24 1.0659540327800257 88.98549327364363 1 128 127 126
-0.02 0.956 -0.443 -1.09 65.12 1.0538429674292085 91.1984816501185 -1 128 128 126
-0.041 0.965 -0.406 -2.24 67.08 1.0477318359198597 92.43286526513684 -1 127 128 125
-0.058 0.95 -0.414 -3.2 66.25 1.0379113642310696 93.49372156363505 -1 127 128 125
-0.068 0.929 -0.418 -3.82 65.49 1.0209745344522556 94.186412371939 -1 127 128 125
-0.066 0.912 -0.429 -3.75 64.55 1.0100202968257619 94.13918925572621 -1 126 128 125
-0.069 0.885 -0.465 -3.95 62.02 1.0021032880896061 94.45810997809842 -1 126 129 124
-0.111 0.865 -0.489 -6.37 59.9 0.9998334861365666 97.31244320543136 -1 126 130 124
-0.155 0.865 -0.492 -8.85 59.19 1.0071315703521562 100.15905599584681 -1 126 130 123
-0.176 0.877 -0.497 -9.9 58.99 1.0232858838076484 101.34761879582489 -1 126 131 123
-0.245 0.923 -0.479 -13.26 59.76 1.068360894080273 104.86571546988861 -1 126 130 123
-0.252 0.928 -0.478 -13.57 59.79 1.0738584636720057 105.19240900955029 -1 126 129 124
-0.254 0.919 -0.476 -13.79 59.58 1.0656702116508654 105.45012704232002 -1 126 129 124
-0.281 0.903 -0.465 -15.46 58.97 1.0538477119584215 107.28535502864717 -1 126 128 124
-0.293 0.879 -0.468 -16.4 57.86 1.038033718142142 108.43494882292202 -1 126 128 124
-0.31 0.858 -0.473 -17.56 56.61 1.0276152003546852 109.86505956875101 -1 126 128 124
-0.313 0.86 -0.464 -17.76 56.94 1.0260921011293285 109.9991527629423 -1 126 127 124
-0.312 0.879 -0.484 -17.27 56.77 1.0508287205819986 109.5422573415048 -1 126 127 125
-0.332 0.891 -0.487 -18.11 56.52 1.0683042637750726 110.4361502380442 -1 126 127 125
-0.339 0.901 -0.487 -18.31 56.63 1.0788378005984032 110.61873966454546 -1 126 127 126
-0.35 0.895 -0.491 -18.92 56.03 1.079169124836325 111.35855237706059 -1 126 126 126
-0.345 0.885 -0.49 -18.83 55.9 1.0688077469779118 111.29735404903377 -1 126 126 126
-0.323 0.883 -0.49 -17.74 56.39 1.0602443114678806 110.09243954410383 -1 126 126 126
-0.301 0.876 -0.489 -16.7 56.76 1.0474244602834135 108.9630957095551 -1 126 126 126
-0.26 0.852 -0.486 -14.85 57.1 1.014741346353838 106.97031901771665 -1 126 126 127
-0.26 0.852 -0.486 -14.85 57.1 1.014741346353838 106.97031901771665 -1 126 126 127
-0.252 0.847 -0.481 -14.51 57.34 1.0061182833047015 106.56882917959906 -1 127 126 127
-0.243 0.853 -0.478 -13.96 57.85 1.0075425549325447 105.90102872726548 -1 127 126 127
-0.26 0.861 -0.465 -14.88 58.25 1.0124949382589525 106.80297449890737 -1 126 126 127
-0.266 0.867 -0.46 -15.16 58.5 1.0168800322555263 107.05627921878015 -1 126 126 127
-0.272 0.876 -0.457 -15.39 58.74 1.0247970530792916 107.24968800429963 -1 126 126 127
-0.274 0.877 -0.452 -15.52 58.92 1.023967284633645 107.35030461422312 -1 126 126 127
-0.26 0.886 -0.452 -14.65 59.52 1.0280564186852783 106.3545227491557 -1 126 126 127
-0.244 0.895 -0.451 -13.68 60.19 1.031485336783805 105.2497016869528 -1 126 126 127
-0.226 0.887 -0.452 -12.79 60.33 1.0208569929231028 104.29433081926268 -1 126 126 127
-0.207 0.884 -0.457 -11.75 60.42 1.016441833062768 103.17909030630061 -1 126 126 126
-0.211 0.88 -0.456 -12.02 60.28 1.0133395284898343 103.48342008157141 -1 126 126 126
-0.22 0.879 -0.454 -12.54 60.15 1.0134875430906884 104.05157959698023 -1 126 126 126
-0.227 0.892 -0.451 -12.8 60.49 1.0249848779372308 104.27780527044095 -1 126 126 126
-0.242 0.895 -0.45 -13.58 60.28 1.0305770228372064 105.13045681209796 -1 126 126 126
-0.249 0.892 -0.444 -14.03 60.29 1.0270350529558374 105.59696843100005 -1 126 126 126
-0.261 0.891 -0.44 -14.72 60.14 1.0274249364308812 106.32685351056502 -1 126 126 126
-0.269 0.887 -0.437 -15.22 59.95 1.0247433825109582 106.87094751308976 -1 126 126 126
-0.278 0.877 -0.423 -15.93 60.01 1.0125917242403277 107.5880807917889 -1 126 126 126
-0.278 0.877 -0.419 -15.96 60.17 1.0109272970891625 107.5880807917889 -1 126 126 126
-0.272 0.87 -0.418 -15.74 60.18 1.002800079776622 107.36152408379876 -1 126 126 126
-0.268 0.869 -0.421 -15.51 60.13 1.0021107723201061 107.13978662708372 -1 126 126 126
-0.26 0.867 -0.435 -15 59.69 1.0042479773442414 106.69318118856513 -1 126 126 126
-0.262 0.865 -0.442 -15.09 59.29 1.0060979077604724 106.85104490549558 -1 126 126 126
-0.271 0.871 -0.449 -15.46 58.95 1.016702021243196 107.28283117275417 -1 126 126 126
-0.285 0.875 -0.447 -16.18 58.79 1.023063536638854 108.04116959683519 -1 126 126 126
-0.311 0.876 -0.446 -17.56 58.17 1.0310252179263124 109.54602403565308 -1 126 126 126
-0.327 0.871 -0.453 -18.42 57.32 1.0347845186317777 110.5776689874006 -1 126 127 126
-0.33 0.889 -0.448 -18.34 57.96 1.0487730927135765 110.36510714007942 -1 126 127 125
-0.332 0.906 -0.445 -18.21 58.5 1.0625841143175443 110.12515349724337 -1 126 127 125
-0.324 0.91 -0.443 -17.75 58.9 1.0626970405529508 109.59796468068276 -1 126 127 126
-0.324 0.917 -0.43 -17.74 59.58 1.0633743461265182 109.45964212091896 -1 126 127 126
-0.334 0.905 -0.429 -18.44 59 1.0557566007371209 110.25712551973709 -1 126 127 126
-0.34 0.889 -0.422 -19.06 58.63 1.0411556079664557 110.92946299118653 -1 126 126 126
-0.338 0.883 -0.415 -19.11 58.78 1.0325492724320713 110.9461441524713 -1 126 126 126
-0.337 0.877 -0.41 -19.19 58.82 1.025084386770182 111.01999741462292 -1 126 126 126
-0.338 0.871 -0.407 -19.37 58.73 1.0190848836088189 111.20922613422282 -1 126 126 126
-0.333 0.853 -0.411 -19.38 58.2 1.0037026452092273 111.32502075654381 -1 126 126 126
-0.338 0.847 -0.41 -19.76 57.9 0.9998764923729331 111.75474219509307 -1 126 126 126
-0.357 0.836 -0.411 -20.97 56.93 0.9976301920050334 113.12410521462726 -1 126 126 126
-0.378 0.839 -0.414 -22 56.25 1.0090594630644916 114.25329590666865 -1 126 126 125
-0.434 0.854 -0.426 -24.45 54.55 1.0484025944263968 116.93952806380082 -3 126 125 124
-0.531 0.848 -0.444 -29.02 50.78 1.09462367962693 122.05394408596791 -3 126 124 124
-0.642 0.818 -0.484 -34.04 45.49 1.1469716648636095 128.12627931830716 -3 127 123 123
-0.855 0.747 -0.553 -42.61 36.26 1.2628709356066439 138.85680098558987 -3 128 122 125
-0.909 0.701 -0.571 -45.15 33.15 1.2820776107552927 142.36141263079824 -3 128 122 127
-0.893 0.689 -0.577 -44.82 32.95 1.2669250175128757 142.3477826428648 -3 128 123 129
-0.863 0.686 -0.545 -44.57 33.91 1.2297926654521891 141.51875854972872 -3 127 124 132
-0.782 0.691 -0.51 -42.32 36.51 1.1615097933293546 138.53516492218486 -3 127 125 133
-0.662 0.701 -0.483 -37.87 40.54 1.0783941765421399 133.36102283357263 -3 127 125 134
-0.532 0.705 -0.445 -32.54 45.47 0.9889762383394254 127.03856679938183 -3 127 125 135
-0.266 0.691 -0.364 -18.81 56.88 0.8250654519491165 111.05417807998315 -1 125 125 136
-0.132 0.673 -0.321 -10.04 62.72 0.75722783889659 101.0969379923088 -1 125 125 136
0.008 0.655 -0.282 0.64 66.7 0.713171087467797 89.30023901402487 1 123 125 136
0.12 0.632 -0.254 9.99 66.04 0.6916212836516817 79.24903300681196 1 122 124 137
0.239 0.634 -0.232 19.49 62.28 0.7161710689493118 69.34498134368523 -3 121 123 137
0.418 0.74 -0.198 28.62 57.99 0.8726557167634897 60.5394211717296 -3 120 121 138
0.448 0.816 -0.176 28.22 59.47 0.9473837659575975 61.232350661156204 -3 120 120 138
0.538 0.959 -0.167 28.93 59.57 1.1122113108577885 60.7075294433638 -3 120 120 138
0.701 1.09 -0.272 31.96 55.4 1.3241922065923815 57.25414814880089 -3 122 119 138
0.775 1.114 -0.296 33.92 53.32 1.3889697620898735 55.174003931794466 -3 123 117 138
0.822 1.12 -0.291 35.39 52.1 1.41942417902472 53.72399069044268 -3 124 117 137
0.849 1.071 -0.288 37.43 50.07 1.396705409168304 51.59553634737072 -3 125 118 136
0.706 0.877 -0.177 38.28 50.31 1.1396903088120034 51.16534041615213 -3 125 120 132
0.626 0.897 -0.17 34.44 54.13 1.106971092666832 55.08951208693781 -3 125 123 130
0.618 0.917 -0.187 33.44 54.85 1.1215088051370796 56.022521894954295 -3 125 125 129
0.642 0.955 -0.194 33.38 54.92 1.1669725789409107 56.08898093681322 -3 126 126 128
0.662 0.966 -0.2 33.86 54.4 1.188023568789778 55.577150996479595 -3 127 126 127
0.686 0.964 -0.194 34.9 53.52 1.1989695575785067 54.56365085373457 -3 128 127 126
0.747 0.943 -0.195 37.8 50.69 1.218721871470271 51.6153997867366 -3 128 127 125
0.825 0.933 -0.222 40.7 47.52 1.2650683775986182 48.515459154052124 -3 127 128 123
0.895 0.923 -0.296 42.72 44.4 1.319306636078209 45.882373484720816 -3 127 128 122
0.862 0.899 -0.316 42.13 44.4 1.2849517500669043 46.20365245459379 -3 127 128 121
0.787 0.859 -0.312 40.73 45.42 1.2060655040253827 47.504658584584334 -3 127 127 121
0.656 0.792 -0.292 37.85 47.8 1.0690481747797898 50.36563092663984 -3 127 128 120
0.474 0.749 -0.284 30.61 53.58 0.9307701112519675 57.67257980558358 -3 127 128 119
0.434 0.676 -0.244 31.13 53.63 0.8395641726515014 57.299056912739225 -3 127 130 116
0.671 0.494 -0.277 49.83 34.24 0.8780694733334032 36.361043084037334 -3 128 133 114
0.463 0.545 -0.359 35.35 42.93 0.8001718565408309 49.65072520788341 -3 128 137 111
0.455 0.492 -0.411 35.36 38.74 0.7861361205287543 47.23745101819517 -3 127 139 111
0.15 0.505 -0.432 12.72 47.84 0.6812848156241265 73.45701659543747 1 126 139 113
-0.378 0.632 -0.407 -26.7 48.69 0.8414018065110153 120.88369727419155 -1 125 138 115
