0.118 1.001 -0.18 6.62 77.87 1.0238774340710903 83.27687952482603 1 126 126 126
0.12 1.005 -0.187 6.7 77.53 1.029268672407744 83.1909498203866 1 126 126 126
0.11 1.006 -0.192 6.13 77.59 1.030048542545447 83.7598444326904 1 126 126 126
0.108 1.01 -0.201 5.99 77.27 1.0354540067043057 83.89651484624558 1 126 126 126
0.095 1.009 -0.209 5.27 77.18 1.0347883841636414 84.62130800923941 1 126 126 126
0.089 1.009 -0.202 4.94 77.66 1.0328630112459252 84.95920617143584 1 126 126 126
0.087 1.021 -0.201 4.78 77.89 1.0442274656414663 85.12955861703324 1 127 126 127
0.084 1.017 -0.196 4.64 78.16 1.0391154892503527 85.27832298403051 1 126 126 126
0.085 1.014 -0.193 4.71 78.25 1.0356978323816266 85.20830194351838 1 126 127 126
0.089 1.01 -0.194 4.95 78.07 1.032306640490121 84.96417138053671 1 126 127 126
0.093 1.003 -0.195 5.2 77.84 1.0260034113003718 84.70257681256132 1 126 127 126
0.098 0.999 -0.194 5.5 77.73 1.0223702851706908 84.39731908727569 1 126 127 126
0.099 0.995 -0.199 5.57 77.41 1.0195229276480249 84.3179150597264 1 126 126 126
0.098 0.992 -0.206 5.52 77.05 1.0178919392548502 84.35803822857328 1 126 126 126
0.096 0.995 -0.205 5.4 77.18 1.0204244215031313 84.4890230449922 1 127 126 126
0.092 0.993 -0.204 5.19 77.3 1.0179042194627155 84.70674052203594 1 127 126 126
0.092 0.995 -0.205 5.17 77.27 1.0200558808222224 84.71731998404303 1 127 126 126
0.09 0.993 -0.206 5.07 77.24 1.0181281844640193 84.82117876812896 1 127 126 127
0.097 0.99 -0.21 5.47 76.85 1.0166656284147704 84.4040326563846 1 127 126 127
0.096 0.988 -0.206 5.43 77.05 1.0138027421545082 84.45022057678126 1 127 126 127
0.095 0.985 -0.209 5.39 76.88 1.0114005141386868 84.49105030178394 1 127 126 127
0.091 0.992 -0.21 5.13 77.01 1.018059428520752 84.75870551918372 1 127 126 127
0.08 0.996 -0.208 4.5 77.39 1.0206272581114026 85.40778798908022 1 127 126 127
0.076 0.999 -0.215 4.25 77.14 1.0246960524955682 85.6495418643014 1 127 126 126
0.073 1.004 -0.217 4.07 77.15 1.029773761561247 85.84138983951094 1 127 126 126
0.059 1.012 -0.225 3.26 77.06 1.038388174046681 86.66341027261252 1 127 126 126
0.059 1.012 -0.225 3.26 77.06 1.038388174046681 86.66341027261252 1 127 126 126
0.059 1.019 -0.228 3.23 76.99 1.04586136748615 86.68627965490478 1 127 126 126
0.058 1.015 -0.235 3.19 76.59 1.0434625053158355 86.72951207681645 1 127 126 126
0.054 1.015 -0.241 2.96 76.32 1.0446157188172116 86.95462272867903 1 127 126 126
0.058 1.007 -0.235 3.21 76.48 1.0356823837451323 86.70358711967023 1 127 126 126
0.045 1.007 -0.236 2.49 76.58 1.0352632515452287 87.44131491184392 1 127 126 126
0.039 0.996 -0.248 2.18 75.85 1.0271518875025252 87.7576361214175 1 127 126 125
0.023 0.99 -0.238 1.29 76.42 1.018466003359955 88.6691253385212 1 127 126 125
0.021 0.986 -0.237 1.19 76.43 1.0143007443554402 88.779888956584 1 127 126 125
0.02 0.986 -0.236 1.13 76.49 1.0140473361732183 88.83797315347861 1 126 126 125
0.016 0.984 -0.237 0.91 76.43 1.012265281435652 89.06844340192252 1 126 126 125
0.016 0.978 -0.238 0.91 76.29 1.006669757169649 89.06272934717228 1 126 126 125
0.019 0.978 -0.246 1.08 75.84 1.0086431479963565 88.88703181525551 1 126 127 126
0.017 0.979 -0.254 0.96 75.42 1.011556226810947 89.00517837649075 1 126 127 126
0.019 0.974 -0.25 1.08 75.56 1.0057519574925022 88.8824622608023 1 126 127 126
0.017 0.976 -0.254 0.97 75.38 1.0086530622567902 89.00212114050723 1 126 126 126
0.013 0.975 -0.258 0.74 75.16 1.0086416608488864 89.23610153907 1 126 126 126
0.012 0.979 -0.258 0.68 75.22 1.0124964197467563 89.29773756499019 1 126 126 127
0.009 0.983 -0.26 0.51 75.18 1.0168431540803133 89.47543478358133 1 126 126 127
0.006 0.988 -0.263 0.34 75.09 1.0224231022429022 89.65205419933432 1 126 126 127
0.004 0.993 -0.265 0.22 75.06 1.0277596995407048 89.76920253931448 1 126 126 127
-0.006 1.004 -0.27 -0.33 74.94 1.0396884148628376 90.34240098075246 -1 126 126 126
-0.015 1.007 -0.27 -0.82 74.97 1.0426763639787755 90.85339934103894 -1 126 126 127
-0.027 1.016 -0.266 -1.47 75.26 1.0505907861769967 91.52226577773021 -1 126 126 126
-0.034 1.026 -0.264 -1.84 75.46 1.0599660371917583 91.8979959887589 -1 126 126 126
-0.046 1.044 -0.259 -2.45 75.86 1.076630391545771 92.52289487987753 -1 126 126 126
-0.054 1.07 -0.256 -2.81 76.26 1.101522582610089 92.88911156309493 -1 126 126 127
-0.058 1.102 -0.258 -2.93 76.51 1.1332837244044407 93.01278750418335 -1 125 126 127
-0.055 1.125 -0.268 -2.72 76.33 1.1577884089936297 92.79889851357635 -1 125 126 127
-0.052 1.125 -0.285 -2.57 75.56 1.1617030601664093 92.6464546143131 -1 124 126 127
-0.058 1.102 -0.292 -2.91 74.88 1.1415042706884633 93.01278750418335 -1 124 126 127
-0.077 1.059 -0.288 -4.01 74.28 1.1001608973236596 94.15866376520843 -1 124 126 127
-0.102 1.008 -0.315 -5.52 71.82 1.0609868048189854 95.77811906912666 -1 123 125 127
-0.173 0.939 -0.437 -9.48 63.41 1.0500566651376486 100.43902837688186 -1 123 125 127
-0.173 0.913 -0.536 -9.28 58.33 1.0727506700067821 100.72949698768396 -1 123 126 127
-0.156 0.885 -0.662 -8.03 52.46 1.1161563510548154 99.99689958894882 -1 122 126 127
-0.106 0.851 -0.754 -5.33 48.18 1.141907614476758 97.10015558411267 -1 122 126 126
0.006 0.791 -0.818 0.3 44.04 1.1379108049403521 89.56540065231815 1 122 126 126
0.114 0.722 -0.803 6.03 41.68 1.0858586464176634 81.02737338510362 1 121 125 126
0.199 0.643 -0.687 11.94 41.96 0.9617790806624982 72.80339490602786 1 121 124 127
0.333 0.522 -0.19 30.94 53.7 0.6476673528903553 57.46493284206499 -3 121 120 130
0.382 0.47 0.152 37.72 48.82 0.6244421510436335 50.896963510210824 3 121 118 132
0.409 0.532 0.519 28.82 38.84 0.8483313032064772 52.44702557377857 1 120 117 134
0.423 0.689 0.81 21.69 37.02 1.1444430960078356 58.452853061924216 1 119 116 135
0.436 0.887 1.022 17.86 38.6 1.4217415376924176 63.82382823269275 1 119 117 135
0.455 1.079 1.192 15.8 40.22 1.6709667860253834 67.13549187810035 1 121 119 134
0.444 1.279 1.298 13.69 42.99 1.8755748452141279 70.85574933564082 1 123 121 133
0.45 1.347 1.293 13.55 44.53 1.9206139643353632 71.52677744896125 1 125 123 131
