-0.61 0.669 -0.46 -36.92 41.21 1.0155102165906555 132.35883015675873 -3 126 126 126
-0.61 0.666 -0.461 -36.98 41.06 1.013990631120426 132.48706422818498 -3 126 126 126
-0.607 0.66 -0.459 -37.05 40.93 1.0073380763179758 132.60465119317598 -3 126 126 126
-0.605 0.657 -0.458 -37.07 40.89 1.0037121101192314 132.6404943630275 -3 126 126 126
-0.606 0.656 -0.461 -37.08 40.75 1.0050338302763744 132.7311478472699 -3 126 126 126
-0.602 0.652 -0.461 -37.01 40.69 1.0000144998948763 132.7166887827377 -3 126 127 126
-0.606 0.651 -0.474 -36.96 40.24 1.0078258778181874 132.94971402925572 -3 127 127 127
-0.607 0.663 -0.495 -36.26 40.25 1.026178834316904 132.47520741760343 -3 127 128 127
-0.604 0.67 -0.507 -35.71 40.35 1.0347777539162697 132.03442390529736 -3 128 128 127
-0.609 0.674 -0.513 -35.72 40.25 1.043228642244834 132.09973167923576 -3 128 129 127
-0.608 0.681 -0.527 -35.22 40.24 1.0541128971794247 131.758627713134 -3 128 129 126
-0.598 0.677 -0.552 -34.4 39.76 1.0586014358577076 131.4544412250823 -3 128 129 126
-0.607 0.667 -0.539 -35.29 39.41 1.0506469435543038 132.30360400722353 -3 128 129 126
-0.593 0.642 -0.551 -35.03 38.42 1.0331572968333524 132.72791788955521 -3 127 129 126
-0.589 0.634 -0.557 -34.91 38.03 1.0291384746476053 132.8927657646874 -3 127 128 126
-0.596 0.626 -0.543 -35.72 37.83 1.0207551126494543 133.59367578607205 -3 127 128 126
-0.581 0.618 -0.558 -34.91 37.49 1.015307342630792 133.23246764065368 -3 127 128 126
-0.578 0.619 -0.568 -34.53 37.37 1.0197396726616064 133.03825486602454 -3 127 128 126
-0.576 0.624 -0.577 -34.13 37.43 1.0266844695426147 132.70938995736148 -1 127 127 126
-0.569 0.624 -0.583 -33.68 37.45 1.0261705511268582 132.3604039160479 -1 127 127 126
-0.566 0.625 -0.586 -33.45 37.49 1.02682861276846 132.16398840553376 -1 126 127 126
-0.56 0.625 -0.591 -33.07 37.51 1.0264044037317843 131.86033985217975 -1 126 126 126
-0.56 0.625 -0.591 -33.07 37.51 1.0264044037317843 131.86033985217975 -1 126 126 126
-0.562 0.62 -0.589 -33.31 37.29 1.0233108032264684 132.19078520291913 -1 126 126 126
-0.565 0.618 -0.587 -33.54 37.18 1.022603539989961 132.43478693334737 -1 126 126 126
-0.571 0.618 -0.581 -33.95 37.19 1.0225096576561026 132.73633275106224 -1 126 126 126
-0.573 0.619 -0.578 -34.08 37.25 1.0225331290476607 132.79001788576358 -1 126 126 126
-0.575 0.619 -0.564 -34.48 37.54 1.015815928207468 132.88955271656326 -3 125 125 126
-0.605 0.599 -0.549 -36.67 36.25 1.0130286274335982 135.28552477685668 -3 125 125 126
-0.616 0.609 -0.53 -37.34 36.85 1.015498399801792 135.3274008908444 -3 124 125 125
-0.58 0.628 -0.546 -34.88 38.25 1.014347080638575 132.72454356174578 -3 124 125 125
-0.577 0.632 -0.554 -34.47 38.31 1.0194454374805941 132.39528810405156 -3 124 126 125
-0.581 0.633 -0.549 -34.74 38.38 1.0196327770329865 132.54731430788937 -3 124 126 125
-0.559 0.643 -0.553 -33.39 39.27 1.0157455390007872 131.0024679583004 -3 125 126 126
-0.558 0.625 -0.561 -33.6 38.3 1.008320385591802 131.75847789850857 -1 125 126 126
-0.62 0.602 -0.517 -38 36.71 1.0070218468335232 135.84390298825932 -3 126 126 127
-0.625 0.606 -0.513 -38.21 36.85 1.0104602911544818 135.88426756853733 -3 126 126 126
-0.626 0.615 -0.514 -37.99 37.21 1.017003933129071 135.5078461479846 -3 126 126 126
-0.625 0.63 -0.516 -37.51 37.86 1.0265383577830884 134.77173116984656 -3 126 126 126
-0.629 0.639 -0.515 -37.47 38.17 1.0340149902201612 134.54814990769765 -3 126 126 127
-0.631 0.645 -0.511 -37.48 38.46 1.0369701056443237 134.37138814401388 -3 126 126 127
-0.628 0.646 -0.509 -37.36 38.63 1.0347854850160974 134.19053735100445 -3 126 126 127
-0.625 0.639 -0.504 -37.52 38.52 1.0261393667528793 134.36542079566763 -3 126 126 127
-0.614 0.633 -0.504 -37.19 38.55 1.0157268333562919 134.12707651935563 -3 126 126 127
-0.607 0.628 -0.502 -37.05 38.56 1.007391185190738 134.02583366371513 -3 126 126 127
-0.603 0.619 -0.492 -37.33 38.5 0.9944013274327422 134.24985262589703 -3 126 126 127
-0.594 0.609 -0.487 -37.3 38.41 0.9802479278223443 134.28562580424114 -3 126 126 127
-0.599 0.608 -0.488 -37.54 38.2 0.9831627535662648 134.5727817240303 -3 126 126 127
-0.607 0.612 -0.492 -37.7 38.07 0.9925003778336812 134.7649899171488 -3 126 126 127
-0.61 0.619 -0.499 -37.5 38.15 1.0021287342452565 134.58042896813689 -3 126 126 127
-0.62 0.629 -0.502 -37.61 38.25 1.015896156110456 134.5871472450104 -3 126 126 127
-0.639 0.637 -0.506 -38.15 38.01 1.0344689458847955 135.0898052234999 -3 126 126 127
-0.639 0.639 -0.503 -38.16 38.16 1.0342393340034985 135 -3 126 126 127
-0.638 0.638 -0.5 -38.21 38.21 1.0315464119466464 135 -3 126 126 127
-0.638 0.635 -0.496 -38.37 38.16 1.0277572670626076 135.1350251534441 -3 126 126 127
-0.634 0.632 -0.492 -38.36 38.22 1.0214910670191886 135.09051458427925 -3 126 126 127
-0.627 0.628 -0.489 -38.23 38.3 1.01322949029329 134.95434600208193 -3 126 126 127
-0.624 0.625 -0.489 -38.18 38.25 1.0095157254842542 134.95412668753372 -3 126 126 127
-0.623 0.627 -0.497 -37.91 38.19 1.01403500925757 134.816654131377 -3 126 126 127
-0.623 0.632 -0.499 -37.73 38.37 1.01811296033397 134.58912097521073 -3 126 126 127
-0.622 0.639 -0.501 -37.45 38.66 1.022842118804266 134.2276215311695 -3 126 126 127
-0.62 0.642 -0.501 -37.28 38.85 1.023506228608307 134.00128408527638 -3 126 126 127
-0.617 0.645 -0.5 -37.09 39.08 1.023090416336699 133.72898679783512 -3 126 126 127
-0.614 0.647 -0.495 -37.01 39.36 1.0201127388676214 133.5009284141045 -3 126 126 127
-0.609 0.642 -0.493 -36.96 39.33 1.0129629805674045 133.48895096132108 -3 126 126 127
-0.606 0.64 -0.496 -36.81 39.26 1.011361458628912 133.4369396363209 -3 126 126 127
-0.609 0.639 -0.49 -37.1 39.27 1.0096048732053544 133.62296280622726 -3 127 126 127
-0.613 0.637 -0.491 -37.31 39.04 1.011246260808909 133.90005618116098 -3 127 126 127
-0.628 0.642 -0.491 -37.85 38.85 1.0235374932067707 134.36841856422643 -3 126 126 127
-0.649 0.651 -0.497 -38.39 38.53 1.0449933014139374 134.91185271644713 -3 126 126 127
-0.731 0.684 -0.538 -40.03 37 1.1365126484117984 136.90241127723846 -3 126 126 127
-0.799 0.707 -0.559 -41.56 35.94 1.2044629508623337 138.49579628915262 -3 126 126 128
-0.799 0.707 -0.559 -41.56 35.94 1.2044629508623337 138.49579628915262 -3 126 126 128
-0.961 0.708 -0.595 -46.1 32.06 1.3337203604954075 143.6197158977289 -3 126 125 128
-1.01 0.69 -0.575 -48.35 30.7 1.351600902633614 145.66034829453534 -3 126 124 129
-0.998 0.614 -0.499 -51.59 28.82 1.27357803058941 148.39890452768316 -3 125 124 130
-0.921 0.581 -0.441 -51.62 29.64 1.1748544590714205 147.7547935532496 -3 125 124 131
-0.835 0.541 -0.363 -52.04 30.72 1.0590915918842903 147.060628750156 -3 124 124 133
-0.744 0.507 -0.329 -50.91 31.93 0.9585541194945646 145.72746309995705 -3 124 125 135
-0.604 0.453 -0.248 -49.47 34.75 0.7946879890875411 143.13010235415598 -3 122 129 140
-0.521 0.454 -0.23 -45.67 38.56 0.7283247901863564 138.93106850407455 -3 122 129 139
-0.413 0.499 -0.26 -36.28 45.64 0.697975644274211 129.61303806488328 -3 122 129 137
-0.358 0.532 -0.26 -31.16 50.25 0.6919450845262217 123.93788509614889 -3 123 127 135
-0.287 0.587 -0.244 -24.3 57.31 0.6974768813372956 116.05524592247102 -3 123 125 132
-0.165 0.656 -0.299 -12.89 62.5 0.7395687932843029 104.11841735136622 -1 124 123 131
-0.103 0.723 -0.292 -7.52 66.82 0.7865125555259751 98.10791189069808 -1 126 123 132
-0.036 0.769 -0.294 -2.5 68.93 0.8240709920874536 92.68029029736682 -1 127 123 134
0.118 0.875 -0.292 7.29 70.2 0.9299532246301424 82.31959099003579 1 128 125 139
0.172 0.897 -0.278 10.38 69.98 0.9547130458938958 79.14527457721275 1 128 126 139
0.239 0.9 -0.266 14.29 68.33 0.9684404989466312 75.12803470234465 1 127 127 138
0.278 0.879 -0.243 16.95 67.21 0.9534012796299364 72.44947837857043 -3 126 127 136
-0.61 0.669 -0.46 -36.92 41.21 1.0155102165906555 132.35883015675873 -3 126 126 126
-0.61 0.666 -0.461 -36.98 41.06 1.013990631120426 132.48706422818498 -3 126 126 126
-0.607 0.66 -0.459 -37.05 40.93 1.0073380763179758 132.60465119317598 -3 126 126 126
-0.605 0.657 -0.458 -37.07 40.89 1.0037121101192314 132.6404943630275 -3 126 126 126
-0.606 0.656 -0.461 -37.08 40.75 1.0050338302763744 132.7311478472699 -3 126 126 126
-0.602 0.652 -0.461 -37.01 40.69 1.0000144998948763 132.7166887827377 -3 126 127 126
-0.606 0.651 -0.474 -36.96 40.24 1.0078258778181874 132.94971402925572 -3 127 127 127
-0.607 0.663 -0.495 -36.26 40.25 1.026178834316904 132.47520741760343 -3 127 128 127
-0.604 0.67 -0.507 -35.71 40.35 1.0347777539162697 132.03442390529736 -3 128 128 127
-0.609 0.674 -0.513 -35.72 40.25 1.043228642244834 132.09973167923576 -3 128 129 127
-0.608 0.681 -0.527 -35.22 40.24 1.0541128971794247 131.758627713134 -3 128 129 126
-0.598 0.677 -0.552 -34.4 39.76 1.0586014358577076 131.4544412250823 -3 128 129 126
-0.607 0.667 -0.539 -35.29 39.41 1.0506469435543038 132.30360400722353 -3 128 129 126
-0.593 0.642 -0.551 -35.03 38.42 1.0331572968333524 132.72791788955521 -3 127 129 126
-0.589 0.634 -0.557 -34.91 38.03 1.0291384746476053 132.8927657646874 -3 127 128 126
-0.596 0.626 -0.543 -35.72 37.83 1.0207551126494543 133.59367578607205 -3 127 128 126
-0.581 0.618 -0.558 -34.91 37.49 1.015307342630792 133.23246764065368 -3 127 128 126
-0.578 0.619 -0.568 -34.53 37.37 1.0197396726616064 133.03825486602454 -3 127 128 126
-0.576 0.624 -0.577 -34.13 37.43 1.0266844695426147 132.70938995736148 -1 127 127 126
-0.569 0.624 -0.583 -33.68 37.45 1.0261705511268582 132.3604039160479 -1 127 127 126
-0.566 0.625 -0.586 -33.45 37.49 1.02682861276846 132.16398840553376 -1 126 127 126
-0.56 0.625 -0.591 -33.07 37.51 1.0264044037317843 131.86033985217975 -1 126 126 126
-0.56 0.625 -0.591 -33.07 37.51 1.0264044037317843 131.86033985217975 -1 126 126 126
-0.562 0.62 -0.589 -33.31 37.29 1.0233108032264684 132.19078520291913 -1 126 126 126
-0.565 0.618 -0.587 -33.54 37.18 1.022603539989961 132.43478693334737 -1 126 126 126
-0.571 0.618 -0.581 -33.95 37.19 1.0225096576561026 132.73633275106224 -1 126 126 126
-0.573 0.619 -0.578 -34.08 37.25 1.0225331290476607 132.79001788576358 -1 126 126 126
-0.575 0.619 -0.564 -34.48 37.54 1.015815928207468 132.88955271656326 -3 125 125 126
-0.605 0.599 -0.549 -36.67 36.25 1.0130286274335982 135.28552477685668 -3 125 125 126
-0.616 0.609 -0.53 -37.34 36.85 1.015498399801792 135.3274008908444 -3 124 125 125
-0.58 0.628 -0.546 -34.88 38.25 1.014347080638575 132.72454356174578 -3 124 125 125
-0.577 0.632 -0.554 -34.47 38.31 1.0194454374805941 132.39528810405156 -3 124 126 125
-0.581 0.633 -0.549 -34.74 38.38 1.0196327770329865 132.54731430788937 -3 124 126 125
-0.559 0.643 -0.553 -33.39 39.27 1.0157455390007872 131.0024679583004 -3 125 126 126
-0.558 0.625 -0.561 -33.6 38.3 1.008320385591802 131.75847789850857 -1 125 126 126
-0.62 0.602 -0.517 -38 36.71 1.0070218468335232 135.84390298825932 -3 126 126 127
-0.625 0.606 -0.513 -38.21 36.85 1.0104602911544818 135.88426756853733 -3 126 126 126
-0.626 0.615 -0.514 -37.99 37.21 1.017003933129071 135.5078461479846 -3 126 126 126
-0.625 0.63 -0.516 -37.51 37.86 1.0265383577830884 134.77173116984656 -3 126 126 126
-0.629 0.639 -0.515 -37.47 38.17 1.0340149902201612 134.54814990769765 -3 126 126 127
-0.631 0.645 -0.511 -37.48 38.46 1.0369701056443237 134.37138814401388 -3 126 126 127
-0.628 0.646 -0.509 -37.36 38.63 1.0347854850160974 134.19053735100445 -3 126 126 127
-0.625 0.639 -0.504 -37.52 38.52 1.0261393667528793 134.36542079566763 -3 126 126 127
-0.614 0.633 -0.504 -37.19 38.55 1.0157268333562919 134.12707651935563 -3 126 126 127
-0.607 0.628 -0.502 -37.05 38.56 1.007391185190738 134.02583366371513 -3 126 126 127
-0.603 0.619 -0.492 -37.33 38.5 0.9944013274327422 134.24985262589703 -3 126 126 127
-0.594 0.609 -0.487 -37.3 38.41 0.9802479278223443 134.28562580424114 -3 126 126 127
-0.599 0.608 -0.488 -37.54 38.2 0.9831627535662648 134.5727817240303 -3 126 126 127
-0.607 0.612 -0.492 -37.7 38.07 0.9925003778336812 134.7649899171488 -3 126 126 127
-0.61 0.619 -0.499 -37.5 38.15 1.0021287342452565 134.58042896813689 -3 126 126 127
-0.62 0.629 -0.502 -37.61 38.25 1.015896156110456 134.5871472450104 -3 126 126 127
-0.639 0.637 -0.506 -38.15 38.01 1.0344689458847955 135.0898052234999 -3 126 126 127
-0.639 0.639 -0.503 -38.16 38.16 1.0342393340034985 135 -3 126 126 127
-0.638 0.638 -0.5 -38.21 38.21 1.0315464119466464 135 -3 126 126 127
-0.638 0.635 -0.496 -38.37 38.16 1.0277572670626076 135.1350251534441 -3 126 126 127
-0.634 0.632 -0.492 -38.36 38.22 1.0214910670191886 135.09051458427925 -3 126 126 127
-0.627 0.628 -0.489 -38.23 38.3 1.01322949029329 134.95434600208193 -3 126 126 127
-0.624 0.625 -0.489 -38.18 38.25 1.0095157254842542 134.95412668753372 -3 126 126 127
-0.623 0.627 -0.497 -37.91 38.19 1.01403500925757 134.816654131377 -3 126 126 127
-0.623 0.632 -0.499 -37.73 38.37 1.01811296033397 134.58912097521073 -3 126 126 127
-0.622 0.639 -0.501 -37.45 38.66 1.022842118804266 134.2276215311695 -3 126 126 127
-0.62 0.642 -0.501 -37.28 38.85 1.023506228608307 134.00128408527638 -3 126 126 127
-0.617 0.645 -0.5 -37.09 39.08 1.023090416336699 133.72898679783512 -3 126 126 127
-0.614 0.647 -0.495 -37.01 39.36 1.0201127388676214 133.5009284141045 -3 126 126 127
-0.609 0.642 -0.493 -36.96 39.33 1.0129629805674045 133.48895096132108 -3 126 126 127
-0.606 0.64 -0.496 -36.81 39.26 1.011361458628912 133.4369396363209 -3 126 126 127
-0.609 0.639 -0.49 -37.1 39.27 1.0096048732053544 133.62296280622726 -3 127 126 127
-0.613 0.637 -0.491 -37.31 39.04 1.011246260808909 133.90005618116098 -3 127 126 127
-0.628 0.642 -0.491 -37.85 38.85 1.0235374932067707 134.36841856422643 -3 126 126 127
-0.649 0.651 -0.497 -38.39 38.53 1.0449933014139374 134.91185271644713 -3 126 126 127
-0.731 0.684 -0.538 -40.03 37 1.1365126484117984 136.90241127723846 -3 126 126 127
-0.799 0.707 -0.559 -41.56 35.94 1.2044629508623337 138.49579628915262 -3 126 126 128
-0.799 0.707 -0.559 -41.56 35.94 1.2044629508623337 138.49579628915262 -3 126 126 128
-0.961 0.708 -0.595 -46.1 32.06 1.3337203604954075 143.6197158977289 -3 126 125 128
-1.01 0.69 -0.575 -48.35 30.7 1.351600902633614 145.66034829453534 -3 126 124 129
-0.998 0.614 -0.499 -51.59 28.82 1.27357803058941 148.39890452768316 -3 125 124 130
-0.921 0.581 -0.441 -51.62 29.64 1.1748544590714205 147.7547935532496 -3 125 124 131
-0.835 0.541 -0.363 -52.04 30.72 1.0590915918842903 147.060628750156 -3 124 124 133
-0.744 0.507 -0.329 -50.91 31.93 0.9585541194945646 145.72746309995705 -3 124 125 135
-0.604 0.453 -0.248 -49.47 34.75 0.7946879890875411 143.13010235415598 -3 122 129 140
-0.521 0.454 -0.23 -45.67 38.56 0.7283247901863564 138.93106850407455 -3 122 129 139
-0.413 0.499 -0.26 -36.28 45.64 0.697975644274211 129.61303806488328 -3 122 129 137
-0.358 0.532 -0.26 -31.16 50.25 0.6919450845262217 123.93788509614889 -3 123 127 135
-0.287 0.587 -0.244 -24.3 57.31 0.6974768813372956 116.05524592247102 -3 123 125 132
-0.165 0.656 -0.299 -12.89 62.5 0.7395687932843029 104.11841735136622 -1 124 123 131
-0.103 0.723 -0.292 -7.52 66.82 0.7865125555259751 98.10791189069808 -1 126 123 132
-0.036 0.769 -0.294 -2.5 68.93 0.8240709920874536 92.68029029736682 -1 127 123 134
0.118 0.875 -0.292 7.29 70.2 0.9299532246301424 82.31959099003579 1 128 125 139
0.172 0.897 -0.278 10.38 69.98 0.9547130458938958 79.14527457721275 1 128 126 139
0.239 0.9 -0.266 14.29 68.33 0.9684404989466312 75.12803470234465 1 127 127 138
0.278 0.879 -0.243 16.95 67.21 0.9534012796299364 72.44947837857043 -3 126 127 136
0.303 0.89 -0.247 18.16 66.29 0.9720689275972152 71.1988873727432 -3 123 127 134
0.426 0.978 -0.287 22.68 62.29 1.104685022981664 66.46288592471981 -3 122 128 131
0.477 1.017 -0.331 24.04 60.28 1.1710589225141492 64.8721758192439 -3 122 126 131
0.573 1.074 -0.372 26.75 57.54 1.272866450182422 61.91920692046603 -3 124 126 131
0.68 1.093 -0.372 30.5 54.66 1.3399376851182296 58.112567423039444 -3 126 125 131
0.738 1.103 -0.376 32.35 53.1 1.3793581840841775 56.214140246428336 -3 127 125 131
0.773 1.104 -0.402 33.34 51.72 1.4063957480026736 55.0010141726977 -3 128 126 131
0.753 1.089 -0.448 32.6 51.18 1.3977245794504725 55.337690133562496 -3 129 128 128
0.705 1.063 -0.479 31.16 51.28 1.3625105504178672 56.44697365096989 -3 129 128 127
0.688 1.022 -0.481 31.35 50.6 1.3225690908228576 56.05196132433311 -3 130 128 125
0.668 0.962 -0.458 32.09 49.91 1.2575499990060037 55.22440099471631 -3 131 128 124
0.652 0.925 -0.416 32.73 50.1 1.2057300692941186 54.82133574772496 -3 132 128 123
0.565 0.904 -0.381 29.94 52.99 1.1320786191780146 57.9946167919165 -3 132 127 122
0.477 0.89 -0.372 26.31 55.8 1.076110124476115 61.810692051441656 -3 131 127 120
0.351 0.879 -0.384 20.1 59.38 1.0214196003602045 68.23231374666572 1 131 125 118
0.088 0.89 -0.392 5.17 65.71 0.97647734228706 84.353153809398 1 131 124 114
-0.006 0.886 -0.376 -0.36 67 0.9625009090904797 90.38800160501357 -1 130 124 113
-0.081 0.879 -0.351 -4.89 67.72 0.9499489459965731 95.26494675460583 -1 129 124 111
-0.092 0.862 -0.337 -5.68 67.94 0.9300951564221803 96.09203323353582 -1 128 125 111
-0.216 0.796 -0.366 -13.85 61.9 0.9023458317075554 105.18200630610158 -1 124 126 111
-0.297 0.741 -0.432 -19.1 54.72 0.9076970860369664 111.84139257791675 -1 121 127 111
-0.324 0.667 -0.422 -22.32 51.42 0.8531992733236474 115.90849378191103 -1 119 127 111
-0.438 0.571 -0.375 -32.67 44.72 0.8114862907036693 127.49092263031227 -3 118 127 112
