-0.505 0.764 -0.361 -30.86 50.91 0.9843993092236504 123.46449475634574 -3 124 127 130
-0.502 0.778 -0.364 -30.3 51.44 0.9948788871013395 122.8318965416583 -3 123 127 131
-0.475 0.787 -0.347 -28.91 53.22 0.9825492354075698 121.1134093471967 -3 123 127 132
-0.458 0.811 -0.348 -27.43 54.65 0.9942781301024378 119.45493309668974 -3 123 127 133
-0.358 0.857 -0.354 -21.11 59.57 0.9939461756050978 112.67206416953057 -3 123 128 136
-0.311 0.881 -0.34 -18.23 62.39 0.9942243207646855 109.4434365843625 -1 123 129 137
-0.311 0.881 -0.34 -18.23 62.39 0.9942243207646855 109.4434365843625 -1 123 129 137
-0.206 0.945 -0.34 -11.59 67.18 1.0252126608660272 102.29749259688892 -1 124 130 138
-0.13 0.959 -0.329 -7.31 69.75 1.0221653486594036 97.71983708839429 -1 124 130 137
0.005 0.993 -0.316 0.27 72.35 1.0420796514662398 89.71150405186171 1 125 129 134
0.054 0.992 -0.305 2.98 72.66 1.0392328901646637 86.88415174021061 1 126 129 132
0.086 0.988 -0.295 4.77 72.72 1.0346811102943747 85.02525439947816 1 126 129 131
0.104 0.988 -0.294 5.76 72.48 1.036048261424148 83.99099404250548 1 126 128 130
0.113 0.994 -0.285 6.24 72.86 1.0402067102263857 83.51433964858607 1 126 128 128
0.108 0.994 -0.28 5.97 73.2 1.038315944209661 83.79902900387091 1 126 127 127
0.097 0.993 -0.276 5.38 73.58 1.0351975656849275 84.42083207618141 1 126 127 126
0.069 0.996 -0.269 3.83 74.42 1.0339912959014694 86.03704580186701 1 126 127 127
0.059 0.997 -0.273 3.27 74.35 1.0353835038284125 86.61332680935845 1 126 127 127
0.054 1 -0.273 2.98 74.45 1.0380004816954567 86.90902999645951 1 126 127 127
0.053 1.003 -0.273 2.92 74.5 1.0408395649666666 86.97521965883574 1 126 127 127
0.054 1.001 -0.278 2.98 74.2 1.0402889021805433 86.91211189981668 1 126 127 126
0.06 0.991 -0.281 3.33 73.83 1.0318149058818642 86.53526193807534 1 126 127 126
0.067 0.985 -0.285 3.74 73.45 1.0275889255923305 86.10871758609326 1 126 127 127
0.076 0.972 -0.301 4.27 72.29 1.020372971025791 85.52917916450482 1 126 126 126
0.08 0.955 -0.31 4.56 71.47 1.0072363178519725 85.21153344968641 1 127 126 126
0.082 0.946 -0.317 4.7 70.91 1.0010639340221983 85.04594099201078 1 127 126 126
0.083 0.942 -0.322 4.77 70.56 0.9989679674544123 84.96464943945378 1 127 126 126
0.085 0.946 -0.323 4.86 70.55 1.0032297842468594 84.8656467136244 1 127 126 126
0.087 0.959 -0.311 4.93 71.39 1.0119145220817813 84.81634502585635 1 127 126 126
0.067 0.976 -0.307 3.75 72.15 1.0253360424758315 86.07294662131767 1 127 126 126
0.067 0.991 -0.304 3.7 72.56 1.0387425089982598 86.13220559176517 1 127 126 126
0.062 0.999 -0.298 3.4 73.05 1.044341419268622 86.44866066620601 1 127 127 126
0.058 1.004 -0.291 3.18 73.54 1.0469293194862774 86.69375909900613 1 127 127 126
0.052 1.007 -0.292 2.84 73.59 1.0497699748040044 87.0439557564286 1 127 127 126
0.067 1.008 -0.29 3.65 73.55 1.0510247380532962 86.19724322301546 1 126 127 126
0.074 1.011 -0.3 4.01 73.01 1.0571646040234226 85.81370898515678 1 126 127 127
0.075 1.029 -0.316 3.99 72.48 1.0790375341015714 85.83129430860185 1 126 127 127
0.082 1.031 -0.359 4.3 70.34 1.0947903908968144 85.45258513221553 1 126 127 127
0.076 1.028 -0.424 3.91 67.27 1.114601273998913 85.77181729483836 1 126 127 128
0.061 1.022 -0.525 3.04 62.65 1.150578115557566 86.58424558947243 1 126 127 128
0.05 1.009 -0.646 2.39 57.29 1.1991234298436504 87.16308473837651 1 126 127 128
0.034 0.982 -0.781 1.55 51.48 1.2551657261095046 88.01702786073177 1 127 127 128
0.004 0.963 -0.898 0.17 47 1.3167342176764452 89.76201266871713 1 127 127 127
-0.021 0.917 -0.999 -0.89 42.54 1.3562193775344755 91.31188778250412 -1 128 128 127
0.006 0.877 -0.977 0.26 41.91 1.3128952738128048 89.60801674614076 1 128 128 126
0.058 0.825 -0.909 2.71 42.17 1.2289304292757992 85.9785497278018 1 128 128 126
0.127 0.789 -0.807 6.42 44 1.1357372055189527 80.85591892305872 1 127 127 126
0.235 0.742 -0.539 14.37 51.6 0.9467364997717158 72.42640190231528 1 123 125 125
0.266 0.735 -0.379 17.83 57.79 0.8686898180593577 70.10456866523435 1 121 123 125
0.273 0.802 -0.22 18.17 66.39 0.8752902375783704 71.20147701574473 -3 119 122 125
0.26 0.851 -0.055 16.96 72.66 0.8915301453119799 73.01088723403176 -3 118 120 125
0.249 0.872 0.109 15.82 72.69 0.9133816288934216 74.0632826478616 3 118 120 125
0.244 0.887 0.305 14.58 66.23 0.9691903837740034 74.61924483810954 1 119 120 126
0.237 0.894 0.503 13.01 58.12 1.0528124239388517 75.15238352612539 1 119 119 127
0.137 0.957 0.879 6.02 47.09 1.306621215195896 81.85313469152035 1 119 120 129
0.096 1.048 0.979 3.83 46.81 1.4373451220914204 84.76613835278357 1 119 121 130
0.074 1.13 1.013 2.79 48.05 1.5193896801018492 86.25323690578665 1 121 122 129
